text,ground_truth,ground_truth_tr,category_id,category,difficulty,surface_tone,hard_case,viewpoint,annotation_note,id,difficulty_tr,category_tr,predicted_label,predicted_label_tr,score_negative,score_neutral,score_positive,correct
"Sera Ambalaj, portföy sadeleştirme programı kapsamında 335 milyon TL stok ve varlık değer düşüklüğü gideri kaydettiğini açıkladı.",negative,negatif,hard_inventory_writeoff,olumlu dille değer düşüklüğü,hard,positive_like,True,investor_impact,Portföy sadeleştirme dili olumlu görünse de değer düşüklüğü gideri yatırımcı açısından negatiftir.,PHRASE-0008,hard,olumlu dille değer düşüklüğü,neutral,nötr,0.233139,0.645828,0.121033,False
"Vizyon Telekom, sermaye yapısını güçlendirmek ve büyüme esnekliğini artırmak amacıyla %95 oranında bedelli sermaye artırımı planladığını duyurdu.",negative,negatif,hard_rights_issue,olumlu dille bedelli sermaye artırımı,hard,positive_like,True,investor_impact,Dil olumlu olsa da hissedar seyrelmesi yaratan bedelli sermaye artırımı yatırımcı açısından negatiftir.,PHRASE-0010,hard,olumlu dille bedelli sermaye artırımı,positive,pozitif,0.006683,0.193022,0.800295,False
"Kuzey Madencilik, sermaye yapısını güçlendirmek ve büyüme esnekliğini artırmak amacıyla %180 oranında bedelli sermaye artırımı planladığını duyurdu.",negative,negatif,hard_rights_issue,olumlu dille bedelli sermaye artırımı,hard,positive_like,True,investor_impact,Dil olumlu olsa da hissedar seyrelmesi yaratan bedelli sermaye artırımı yatırımcı açısından negatiftir.,PHRASE-0011,hard,olumlu dille bedelli sermaye artırımı,positive,pozitif,0.005379,0.145751,0.84887,False
"Vizyon Telekom, hisse başına 0,96 TL nakit temettü dağıtacağını ve 694 milyon TL tutarında pay geri alım programı başlatacağını açıkladı.",positive,pozitif,clear_shareholder_return,açık hissedar getirisi,clear,positive_like,False,investor_impact,Temettü ve geri alım birlikte yatırımcı açısından açık pozitif değer sinyali üretir.,PHRASE-0017,açık,açık hissedar getirisi,neutral,nötr,0.006539,0.945517,0.047944,False
"Güney Perakende, portföy sadeleştirme programı kapsamında 336 milyon TL stok ve varlık değer düşüklüğü gideri kaydettiğini açıkladı.",negative,negatif,hard_inventory_writeoff,olumlu dille değer düşüklüğü,hard,positive_like,True,investor_impact,Portföy sadeleştirme dili olumlu görünse de değer düşüklüğü gideri yatırımcı açısından negatiftir.,PHRASE-0019,hard,olumlu dille değer düşüklüğü,neutral,nötr,0.22066,0.647493,0.131848,False
"Vizyon Telekom, mevcut kredi limitini 18 ay benzer vade ve maliyet koşullarıyla yenilediğini ve işlem nedeniyle kârlılık beklentilerinde değişiklik olmadığını açıkladı.",neutral,nötr,unchanged_financing_rollover,koşulları değişmeyen finansman yenilemesi,nuanced,neutral_like,False,investor_impact,Yeni değer yaratan veya bozan bir unsur içermeyen finansman yenilemesi neutral etiketlenir.,PHRASE-0024,nüanslı,koşulları değişmeyen finansman yenilemesi,positive,pozitif,0.006391,0.431813,0.561797,False
"Lima Gayrimenkul, 2025 ikinci çeyrek sonrasında bilanço dayanıklılığını korumak amacıyla bu yıl temettü dağıtmayacağını ve yatırım harcamalarının bir bölümünü sonraki döneme kaydıracağını duyurdu.",negative,negatif,hard_dividend_cut,olumlu dille temettü iptali,hard,positive_like,True,investor_impact,Koruyucu dil kullanılmasına rağmen temettü iptali ve harcama ertelemesi yatırımcı açısından negatiftir.,PHRASE-0030,hard,olumlu dille temettü iptali,neutral,nötr,0.006533,0.975289,0.018178,False
"Delta Yatırım Holding, hisse başına 4,52 TL nakit temettü dağıtacağını ve 185 milyon TL tutarında pay geri alım programı başlatacağını açıkladı.",positive,pozitif,clear_shareholder_return,açık hissedar getirisi,clear,positive_like,False,investor_impact,Temettü ve geri alım birlikte yatırımcı açısından açık pozitif değer sinyali üretir.,PHRASE-0032,açık,açık hissedar getirisi,neutral,nötr,0.005578,0.947218,0.047203,False
"Sera Ambalaj, portföy sadeleştirme programı kapsamında 271 milyon TL stok ve varlık değer düşüklüğü gideri kaydettiğini açıkladı.",negative,negatif,hard_inventory_writeoff,olumlu dille değer düşüklüğü,hard,positive_like,True,investor_impact,Portföy sadeleştirme dili olumlu görünse de değer düşüklüğü gideri yatırımcı açısından negatiftir.,PHRASE-0035,hard,olumlu dille değer düşüklüğü,neutral,nötr,0.207449,0.686921,0.10563,False
"Rota Cam, portföy sadeleştirme programı kapsamında 217 milyon TL stok ve varlık değer düşüklüğü gideri kaydettiğini açıkladı.",negative,negatif,hard_inventory_writeoff,olumlu dille değer düşüklüğü,hard,positive_like,True,investor_impact,Portföy sadeleştirme dili olumlu görünse de değer düşüklüğü gideri yatırımcı açısından negatiftir.,PHRASE-0037,hard,olumlu dille değer düşüklüğü,neutral,nötr,0.243687,0.624099,0.132215,False
"Lima Gayrimenkul, 2025 yıl sonu sonrasında bilanço dayanıklılığını korumak amacıyla bu yıl temettü dağıtmayacağını ve yatırım harcamalarının bir bölümünü sonraki döneme kaydıracağını duyurdu.",negative,negatif,hard_dividend_cut,olumlu dille temettü iptali,hard,positive_like,True,investor_impact,Koruyucu dil kullanılmasına rağmen temettü iptali ve harcama ertelemesi yatırımcı açısından negatiftir.,PHRASE-0040,hard,olumlu dille temettü iptali,neutral,nötr,0.00691,0.976754,0.016336,False
"Nova Sağlık, portföy sadeleştirme programı kapsamında 228 milyon TL stok ve varlık değer düşüklüğü gideri kaydettiğini açıkladı.",negative,negatif,hard_inventory_writeoff,olumlu dille değer düşüklüğü,hard,positive_like,True,investor_impact,Portföy sadeleştirme dili olumlu görünse de değer düşüklüğü gideri yatırımcı açısından negatiftir.,PHRASE-0042,hard,olumlu dille değer düşüklüğü,neutral,nötr,0.336665,0.561853,0.101482,False
"Güney Perakende, sermaye yapısını güçlendirmek ve büyüme esnekliğini artırmak amacıyla %170 oranında bedelli sermaye artırımı planladığını duyurdu.",negative,negatif,hard_rights_issue,olumlu dille bedelli sermaye artırımı,hard,positive_like,True,investor_impact,Dil olumlu olsa da hissedar seyrelmesi yaratan bedelli sermaye artırımı yatırımcı açısından negatiftir.,PHRASE-0044,hard,olumlu dille bedelli sermaye artırımı,positive,pozitif,0.006462,0.200154,0.793384,False
"Nova Sağlık, mevcut kredi limitini 9 ay benzer vade ve maliyet koşullarıyla yenilediğini ve işlem nedeniyle kârlılık beklentilerinde değişiklik olmadığını açıkladı.",neutral,nötr,unchanged_financing_rollover,koşulları değişmeyen finansman yenilemesi,nuanced,neutral_like,False,investor_impact,Yeni değer yaratan veya bozan bir unsur içermeyen finansman yenilemesi neutral etiketlenir.,PHRASE-0048,nüanslı,koşulları değişmeyen finansman yenilemesi,positive,pozitif,0.006124,0.363644,0.630232,False
"Delta Yatırım Holding, mevcut kredi limitini 6 ay benzer vade ve maliyet koşullarıyla yenilediğini ve işlem nedeniyle kârlılık beklentilerinde değişiklik olmadığını açıkladı.",neutral,nötr,unchanged_financing_rollover,koşulları değişmeyen finansman yenilemesi,nuanced,neutral_like,False,investor_impact,Yeni değer yaratan veya bozan bir unsur içermeyen finansman yenilemesi neutral etiketlenir.,PHRASE-0049,nüanslı,koşulları değişmeyen finansman yenilemesi,positive,pozitif,0.006743,0.495257,0.498,False
"Trend Tarım, portföy sadeleştirme programı kapsamında 202 milyon TL stok ve varlık değer düşüklüğü gideri kaydettiğini açıkladı.",negative,negatif,hard_inventory_writeoff,olumlu dille değer düşüklüğü,hard,positive_like,True,investor_impact,Portföy sadeleştirme dili olumlu görünse de değer düşüklüğü gideri yatırımcı açısından negatiftir.,PHRASE-0050,hard,olumlu dille değer düşüklüğü,neutral,nötr,0.156386,0.675225,0.168389,False
"Güney Perakende, mevcut kredi limitini 6 ay benzer vade ve maliyet koşullarıyla yenilediğini ve işlem nedeniyle kârlılık beklentilerinde değişiklik olmadığını açıkladı.",neutral,nötr,unchanged_financing_rollover,koşulları değişmeyen finansman yenilemesi,nuanced,neutral_like,False,investor_impact,Yeni değer yaratan veya bozan bir unsur içermeyen finansman yenilemesi neutral etiketlenir.,PHRASE-0052,nüanslı,koşulları değişmeyen finansman yenilemesi,positive,pozitif,0.007193,0.489724,0.503084,False
"Bora Lojistik, bilanço esnekliğini korumak ve nakit yönetimini desteklemek amacıyla 724 milyon TL ek kısa vadeli kredi kullandı; net borç/FAVÖK oranı 1,6x seviyesinden 2,5x seviyesine yükseldi.",negative,negatif,hard_liquidity_pressure,olumlu dille likidite baskısı,hard,positive_like,True,investor_impact,Dil yapısı olumlu görünse de artan kısa vadeli borç ve kötüleşen kaldıraç oranı yatırımcı açısından negatiftir.,PHRASE-0053,hard,olumlu dille likidite baskısı,positive,pozitif,0.002464,0.107305,0.890231,False
"Formel Kimya, portföy sadeleştirme programı kapsamında 410 milyon TL stok ve varlık değer düşüklüğü gideri kaydettiğini açıkladı.",negative,negatif,hard_inventory_writeoff,olumlu dille değer düşüklüğü,hard,positive_like,True,investor_impact,Portföy sadeleştirme dili olumlu görünse de değer düşüklüğü gideri yatırımcı açısından negatiftir.,PHRASE-0056,hard,olumlu dille değer düşüklüğü,neutral,nötr,0.260546,0.609055,0.130399,False
"Mavi Makine, Mısır pazarında 1.182 milyon TL tutarında 4 yıllık satış sözleşmesi imzaladı; anlaşmanın gelecek 12 ay gelirlerine doğrudan katkı sağlaması bekleniyor.",positive,pozitif,clear_contract_gain,açık sözleşme kazanımı,clear,positive_like,False,investor_impact,Somut büyüklüğü olan yeni sözleşme yatırımcı açısından açık pozitif kabul edilir.,PHRASE-0057,açık,açık sözleşme kazanımı,neutral,nötr,0.003345,0.619173,0.377482,False
"Güney Perakende, bilanço esnekliğini korumak ve nakit yönetimini desteklemek amacıyla 317 milyon TL ek kısa vadeli kredi kullandı; net borç/FAVÖK oranı 1,7x seviyesinden 2,8x seviyesine yükseldi.",negative,negatif,hard_liquidity_pressure,olumlu dille likidite baskısı,hard,positive_like,True,investor_impact,Dil yapısı olumlu görünse de artan kısa vadeli borç ve kötüleşen kaldıraç oranı yatırımcı açısından negatiftir.,PHRASE-0058,hard,olumlu dille likidite baskısı,positive,pozitif,0.002982,0.173253,0.823765,False
"Anatolia Gıda, mevcut kredi limitini 9 ay benzer vade ve maliyet koşullarıyla yenilediğini ve işlem nedeniyle kârlılık beklentilerinde değişiklik olmadığını açıkladı.",neutral,nötr,unchanged_financing_rollover,koşulları değişmeyen finansman yenilemesi,nuanced,neutral_like,False,investor_impact,Yeni değer yaratan veya bozan bir unsur içermeyen finansman yenilemesi neutral etiketlenir.,PHRASE-0061,nüanslı,koşulları değişmeyen finansman yenilemesi,positive,pozitif,0.007566,0.484127,0.508308,False
"Delta Yatırım Holding, Birleşik Arap Emirlikleri pazarında 798 milyon TL tutarında 4 yıllık satış sözleşmesi imzaladı; anlaşmanın gelecek 12 ay gelirlerine doğrudan katkı sağlaması bekleniyor.",positive,pozitif,clear_contract_gain,açık sözleşme kazanımı,clear,positive_like,False,investor_impact,Somut büyüklüğü olan yeni sözleşme yatırımcı açısından açık pozitif kabul edilir.,PHRASE-0062,açık,açık sözleşme kazanımı,neutral,nötr,0.003112,0.597979,0.398908,False
"Vizyon Telekom, bilanço esnekliğini korumak ve nakit yönetimini desteklemek amacıyla 517 milyon TL ek kısa vadeli kredi kullandı; net borç/FAVÖK oranı 2,7x seviyesinden 4,0x seviyesine yükseldi.",negative,negatif,hard_liquidity_pressure,olumlu dille likidite baskısı,hard,positive_like,True,investor_impact,Dil yapısı olumlu görünse de artan kısa vadeli borç ve kötüleşen kaldıraç oranı yatırımcı açısından negatiftir.,PHRASE-0064,hard,olumlu dille likidite baskısı,positive,pozitif,0.002444,0.109279,0.888277,False
"Lima Gayrimenkul, portföy verimliliğini artırma süreci kapsamında Polonya pazarındaki 1.060 milyon TL tutarındaki ana dağıtım sözleşmesinin yenilenmediğini ve sipariş akışında zayıflama beklediğini açıkladı.",negative,negatif,hard_contract_loss,olumlu dille sözleşme kaybı,hard,positive_like,True,investor_impact,Yeniden dengeleme dili olumlu görünse de önemli sözleşme kaybı yatırımcı açısından negatiftir.,PHRASE-0067,hard,olumlu dille sözleşme kaybı,neutral,nötr,0.416825,0.568056,0.015119,False
"Eksen Teknoloji, sermaye yapısını güçlendirmek ve büyüme esnekliğini artırmak amacıyla %104 oranında bedelli sermaye artırımı planladığını duyurdu.",negative,negatif,hard_rights_issue,olumlu dille bedelli sermaye artırımı,hard,positive_like,True,investor_impact,Dil olumlu olsa da hissedar seyrelmesi yaratan bedelli sermaye artırımı yatırımcı açısından negatiftir.,PHRASE-0068,hard,olumlu dille bedelli sermaye artırımı,positive,pozitif,0.005541,0.151633,0.842826,False
"Nova Sağlık, 2025 üçüncü çeyrek sonrasında bilanço dayanıklılığını korumak amacıyla bu yıl temettü dağıtmayacağını ve yatırım harcamalarının bir bölümünü sonraki döneme kaydıracağını duyurdu.",negative,negatif,hard_dividend_cut,olumlu dille temettü iptali,hard,positive_like,True,investor_impact,Koruyucu dil kullanılmasına rağmen temettü iptali ve harcama ertelemesi yatırımcı açısından negatiftir.,PHRASE-0073,hard,olumlu dille temettü iptali,neutral,nötr,0.007553,0.97149,0.020957,False
"Vizyon Telekom, bilanço esnekliğini korumak ve nakit yönetimini desteklemek amacıyla 1.444 milyon TL ek kısa vadeli kredi kullandı; net borç/FAVÖK oranı 2,5x seviyesinden 3,6x seviyesine yükseldi.",negative,negatif,hard_liquidity_pressure,olumlu dille likidite baskısı,hard,positive_like,True,investor_impact,Dil yapısı olumlu görünse de artan kısa vadeli borç ve kötüleşen kaldıraç oranı yatırımcı açısından negatiftir.,PHRASE-0075,hard,olumlu dille likidite baskısı,positive,pozitif,0.002327,0.088384,0.909289,False
"Anatolia Gıda, İtalya pazarında 1.150 milyon TL tutarında 4 yıllık satış sözleşmesi imzaladı; anlaşmanın gelecek 12 ay gelirlerine doğrudan katkı sağlaması bekleniyor.",positive,pozitif,clear_contract_gain,açık sözleşme kazanımı,clear,positive_like,False,investor_impact,Somut büyüklüğü olan yeni sözleşme yatırımcı açısından açık pozitif kabul edilir.,PHRASE-0076,açık,açık sözleşme kazanımı,neutral,nötr,0.003396,0.515764,0.48084,False
"Formel Kimya, 2025 üçüncü çeyrek sonrasında bilanço dayanıklılığını korumak amacıyla bu yıl temettü dağıtmayacağını ve yatırım harcamalarının bir bölümünü sonraki döneme kaydıracağını duyurdu.",negative,negatif,hard_dividend_cut,olumlu dille temettü iptali,hard,positive_like,True,investor_impact,Koruyucu dil kullanılmasına rağmen temettü iptali ve harcama ertelemesi yatırımcı açısından negatiftir.,PHRASE-0080,hard,olumlu dille temettü iptali,neutral,nötr,0.006859,0.974409,0.018732,False
"Formel Kimya, Birleşik Arap Emirlikleri pazarında 983 milyon TL tutarında 4 yıllık satış sözleşmesi imzaladı; anlaşmanın gelecek 12 ay gelirlerine doğrudan katkı sağlaması bekleniyor.",positive,pozitif,clear_contract_gain,açık sözleşme kazanımı,clear,positive_like,False,investor_impact,Somut büyüklüğü olan yeni sözleşme yatırımcı açısından açık pozitif kabul edilir.,PHRASE-0081,açık,açık sözleşme kazanımı,neutral,nötr,0.003256,0.591679,0.405064,False
"Güney Perakende, 2025 üçüncü çeyrek sonrasında bilanço dayanıklılığını korumak amacıyla bu yıl temettü dağıtmayacağını ve yatırım harcamalarının bir bölümünü sonraki döneme kaydıracağını duyurdu.",negative,negatif,hard_dividend_cut,olumlu dille temettü iptali,hard,positive_like,True,investor_impact,Koruyucu dil kullanılmasına rağmen temettü iptali ve harcama ertelemesi yatırımcı açısından negatiftir.,PHRASE-0083,hard,olumlu dille temettü iptali,neutral,nötr,0.006429,0.978129,0.015442,False
"Kuzey Madencilik, Romanya pazarında 340 milyon TL tutarında 3 yıllık satış sözleşmesi imzaladı; anlaşmanın gelecek 12 ay gelirlerine doğrudan katkı sağlaması bekleniyor.",positive,pozitif,clear_contract_gain,açık sözleşme kazanımı,clear,positive_like,False,investor_impact,Somut büyüklüğü olan yeni sözleşme yatırımcı açısından açık pozitif kabul edilir.,PHRASE-0085,açık,açık sözleşme kazanımı,neutral,nötr,0.003162,0.508943,0.487895,False
"Bora Lojistik, portföy verimliliğini artırma süreci kapsamında Mısır pazarındaki 1.296 milyon TL tutarındaki ana dağıtım sözleşmesinin yenilenmediğini ve sipariş akışında zayıflama beklediğini açıkladı.",negative,negatif,hard_contract_loss,olumlu dille sözleşme kaybı,hard,positive_like,True,investor_impact,Yeniden dengeleme dili olumlu görünse de önemli sözleşme kaybı yatırımcı açısından negatiftir.,PHRASE-0086,hard,olumlu dille sözleşme kaybı,neutral,nötr,0.45826,0.518979,0.022761,False
"Güney Perakende, 2025 ilk çeyrek sonrasında bilanço dayanıklılığını korumak amacıyla bu yıl temettü dağıtmayacağını ve yatırım harcamalarının bir bölümünü sonraki döneme kaydıracağını duyurdu.",negative,negatif,hard_dividend_cut,olumlu dille temettü iptali,hard,positive_like,True,investor_impact,Koruyucu dil kullanılmasına rağmen temettü iptali ve harcama ertelemesi yatırımcı açısından negatiftir.,PHRASE-0089,hard,olumlu dille temettü iptali,neutral,nötr,0.006807,0.978511,0.014682,False
"Pera Yazılım, 2025 ilk çeyrek sonrasında bilanço dayanıklılığını korumak amacıyla bu yıl temettü dağıtmayacağını ve yatırım harcamalarının bir bölümünü sonraki döneme kaydıracağını duyurdu.",negative,negatif,hard_dividend_cut,olumlu dille temettü iptali,hard,positive_like,True,investor_impact,Koruyucu dil kullanılmasına rağmen temettü iptali ve harcama ertelemesi yatırımcı açısından negatiftir.,PHRASE-0091,hard,olumlu dille temettü iptali,neutral,nötr,0.007029,0.973254,0.019717,False
"Sera Ambalaj, hisse başına 2,65 TL nakit temettü dağıtacağını ve 787 milyon TL tutarında pay geri alım programı başlatacağını açıkladı.",positive,pozitif,clear_shareholder_return,açık hissedar getirisi,clear,positive_like,False,investor_impact,Temettü ve geri alım birlikte yatırımcı açısından açık pozitif değer sinyali üretir.,PHRASE-0095,açık,açık hissedar getirisi,neutral,nötr,0.00571,0.94684,0.04745,False
"Vizyon Telekom, bilanço esnekliğini korumak ve nakit yönetimini desteklemek amacıyla 1.105 milyon TL ek kısa vadeli kredi kullandı; net borç/FAVÖK oranı 2,1x seviyesinden 3,1x seviyesine yükseldi.",negative,negatif,hard_liquidity_pressure,olumlu dille likidite baskısı,hard,positive_like,True,investor_impact,Dil yapısı olumlu görünse de artan kısa vadeli borç ve kötüleşen kaldıraç oranı yatırımcı açısından negatiftir.,PHRASE-0099,hard,olumlu dille likidite baskısı,positive,pozitif,0.002381,0.092245,0.905374,False
"Aksa Enerji, portföy sadeleştirme programı kapsamında 178 milyon TL stok ve varlık değer düşüklüğü gideri kaydettiğini açıkladı.",negative,negatif,hard_inventory_writeoff,olumlu dille değer düşüklüğü,hard,positive_like,True,investor_impact,Portföy sadeleştirme dili olumlu görünse de değer düşüklüğü gideri yatırımcı açısından negatiftir.,PHRASE-0100,hard,olumlu dille değer düşüklüğü,neutral,nötr,0.26496,0.595575,0.139466,False
"Hedef Savunma, hisse başına 2,93 TL nakit temettü dağıtacağını ve 872 milyon TL tutarında pay geri alım programı başlatacağını açıkladı.",positive,pozitif,clear_shareholder_return,açık hissedar getirisi,clear,positive_like,False,investor_impact,Temettü ve geri alım birlikte yatırımcı açısından açık pozitif değer sinyali üretir.,PHRASE-0103,açık,açık hissedar getirisi,neutral,nötr,0.005507,0.934156,0.060337,False
"Rota Cam, Almanya pazarında 451 milyon TL tutarında 4 yıllık satış sözleşmesi imzaladı; anlaşmanın gelecek 12 ay gelirlerine doğrudan katkı sağlaması bekleniyor.",positive,pozitif,clear_contract_gain,açık sözleşme kazanımı,clear,positive_like,False,investor_impact,Somut büyüklüğü olan yeni sözleşme yatırımcı açısından açık pozitif kabul edilir.,PHRASE-0105,açık,açık sözleşme kazanımı,neutral,nötr,0.00341,0.512902,0.483689,False
"Vizyon Telekom, portföy sadeleştirme programı kapsamında 65 milyon TL stok ve varlık değer düşüklüğü gideri kaydettiğini açıkladı.",negative,negatif,hard_inventory_writeoff,olumlu dille değer düşüklüğü,hard,positive_like,True,investor_impact,Portföy sadeleştirme dili olumlu görünse de değer düşüklüğü gideri yatırımcı açısından negatiftir.,PHRASE-0106,hard,olumlu dille değer düşüklüğü,neutral,nötr,0.233444,0.624842,0.141713,False
"Orion Otomotiv, portföy sadeleştirme programı kapsamında 179 milyon TL stok ve varlık değer düşüklüğü gideri kaydettiğini açıkladı.",negative,negatif,hard_inventory_writeoff,olumlu dille değer düşüklüğü,hard,positive_like,True,investor_impact,Portföy sadeleştirme dili olumlu görünse de değer düşüklüğü gideri yatırımcı açısından negatiftir.,PHRASE-0108,hard,olumlu dille değer düşüklüğü,neutral,nötr,0.321277,0.549024,0.129699,False
"Bora Lojistik, mevcut kredi limitini 9 ay benzer vade ve maliyet koşullarıyla yenilediğini ve işlem nedeniyle kârlılık beklentilerinde değişiklik olmadığını açıkladı.",neutral,nötr,unchanged_financing_rollover,koşulları değişmeyen finansman yenilemesi,nuanced,neutral_like,False,investor_impact,Yeni değer yaratan veya bozan bir unsur içermeyen finansman yenilemesi neutral etiketlenir.,PHRASE-0111,nüanslı,koşulları değişmeyen finansman yenilemesi,positive,pozitif,0.006504,0.479912,0.513584,False
"Nova Sağlık, 2025 ilk çeyrek sonrasında bilanço dayanıklılığını korumak amacıyla bu yıl temettü dağıtmayacağını ve yatırım harcamalarının bir bölümünü sonraki döneme kaydıracağını duyurdu.",negative,negatif,hard_dividend_cut,olumlu dille temettü iptali,hard,positive_like,True,investor_impact,Koruyucu dil kullanılmasına rağmen temettü iptali ve harcama ertelemesi yatırımcı açısından negatiftir.,PHRASE-0112,hard,olumlu dille temettü iptali,neutral,nötr,0.007965,0.97224,0.019795,False
"Anatolia Gıda, bilanço esnekliğini korumak ve nakit yönetimini desteklemek amacıyla 853 milyon TL ek kısa vadeli kredi kullandı; net borç/FAVÖK oranı 2,4x seviyesinden 2,9x seviyesine yükseldi.",negative,negatif,hard_liquidity_pressure,olumlu dille likidite baskısı,hard,positive_like,True,investor_impact,Dil yapısı olumlu görünse de artan kısa vadeli borç ve kötüleşen kaldıraç oranı yatırımcı açısından negatiftir.,PHRASE-0113,hard,olumlu dille likidite baskısı,positive,pozitif,0.002679,0.142575,0.854746,False
"Aksa Enerji, portföy sadeleştirme programı kapsamında 88 milyon TL stok ve varlık değer düşüklüğü gideri kaydettiğini açıkladı.",negative,negatif,hard_inventory_writeoff,olumlu dille değer düşüklüğü,hard,positive_like,True,investor_impact,Portföy sadeleştirme dili olumlu görünse de değer düşüklüğü gideri yatırımcı açısından negatiftir.,PHRASE-0115,hard,olumlu dille değer düşüklüğü,neutral,nötr,0.201892,0.66114,0.136968,False
"Rota Cam, bilanço esnekliğini korumak ve nakit yönetimini desteklemek amacıyla 1.375 milyon TL ek kısa vadeli kredi kullandı; net borç/FAVÖK oranı 2,0x seviyesinden 2,7x seviyesine yükseldi.",negative,negatif,hard_liquidity_pressure,olumlu dille likidite baskısı,hard,positive_like,True,investor_impact,Dil yapısı olumlu görünse de artan kısa vadeli borç ve kötüleşen kaldıraç oranı yatırımcı açısından negatiftir.,PHRASE-0118,hard,olumlu dille likidite baskısı,positive,pozitif,0.002431,0.107596,0.889973,False
"Güney Perakende, bilanço esnekliğini korumak ve nakit yönetimini desteklemek amacıyla 1.235 milyon TL ek kısa vadeli kredi kullandı; net borç/FAVÖK oranı 1,9x seviyesinden 2,5x seviyesine yükseldi.",negative,negatif,hard_liquidity_pressure,olumlu dille likidite baskısı,hard,positive_like,True,investor_impact,Dil yapısı olumlu görünse de artan kısa vadeli borç ve kötüleşen kaldıraç oranı yatırımcı açısından negatiftir.,PHRASE-0119,hard,olumlu dille likidite baskısı,positive,pozitif,0.002755,0.143727,0.853518,False
"Trend Tarım, bilanço esnekliğini korumak ve nakit yönetimini desteklemek amacıyla 1.115 milyon TL ek kısa vadeli kredi kullandı; net borç/FAVÖK oranı 1,4x seviyesinden 2,6x seviyesine yükseldi.",negative,negatif,hard_liquidity_pressure,olumlu dille likidite baskısı,hard,positive_like,True,investor_impact,Dil yapısı olumlu görünse de artan kısa vadeli borç ve kötüleşen kaldıraç oranı yatırımcı açısından negatiftir.,PHRASE-0128,hard,olumlu dille likidite baskısı,positive,pozitif,0.0026,0.130605,0.866796,False
"Eksen Teknoloji, 2026 ilk yarı sonrasında bilanço dayanıklılığını korumak amacıyla bu yıl temettü dağıtmayacağını ve yatırım harcamalarının bir bölümünü sonraki döneme kaydıracağını duyurdu.",negative,negatif,hard_dividend_cut,olumlu dille temettü iptali,hard,positive_like,True,investor_impact,Koruyucu dil kullanılmasına rağmen temettü iptali ve harcama ertelemesi yatırımcı açısından negatiftir.,PHRASE-0129,hard,olumlu dille temettü iptali,neutral,nötr,0.007151,0.966689,0.02616,False
"Bora Lojistik, hisse başına 1,07 TL nakit temettü dağıtacağını ve 714 milyon TL tutarında pay geri alım programı başlatacağını açıkladı.",positive,pozitif,clear_shareholder_return,açık hissedar getirisi,clear,positive_like,False,investor_impact,Temettü ve geri alım birlikte yatırımcı açısından açık pozitif değer sinyali üretir.,PHRASE-0141,açık,açık hissedar getirisi,neutral,nötr,0.005916,0.94379,0.050293,False
"Vizyon Telekom, 2025 üçüncü çeyrek sonrasında bilanço dayanıklılığını korumak amacıyla bu yıl temettü dağıtmayacağını ve yatırım harcamalarının bir bölümünü sonraki döneme kaydıracağını duyurdu.",negative,negatif,hard_dividend_cut,olumlu dille temettü iptali,hard,positive_like,True,investor_impact,Koruyucu dil kullanılmasına rağmen temettü iptali ve harcama ertelemesi yatırımcı açısından negatiftir.,PHRASE-0142,hard,olumlu dille temettü iptali,neutral,nötr,0.007347,0.97698,0.015673,False
"Orion Otomotiv, 2025 ilk çeyrek sonrasında bilanço dayanıklılığını korumak amacıyla bu yıl temettü dağıtmayacağını ve yatırım harcamalarının bir bölümünü sonraki döneme kaydıracağını duyurdu.",negative,negatif,hard_dividend_cut,olumlu dille temettü iptali,hard,positive_like,True,investor_impact,Koruyucu dil kullanılmasına rağmen temettü iptali ve harcama ertelemesi yatırımcı açısından negatiftir.,PHRASE-0153,hard,olumlu dille temettü iptali,neutral,nötr,0.007703,0.973084,0.019212,False
"Delta Yatırım Holding, hisse başına 2,55 TL nakit temettü dağıtacağını ve 548 milyon TL tutarında pay geri alım programı başlatacağını açıkladı.",positive,pozitif,clear_shareholder_return,açık hissedar getirisi,clear,positive_like,False,investor_impact,Temettü ve geri alım birlikte yatırımcı açısından açık pozitif değer sinyali üretir.,PHRASE-0154,açık,açık hissedar getirisi,neutral,nötr,0.005479,0.948447,0.046074,False
"Rota Cam, portföy sadeleştirme programı kapsamında 320 milyon TL stok ve varlık değer düşüklüğü gideri kaydettiğini açıkladı.",negative,negatif,hard_inventory_writeoff,olumlu dille değer düşüklüğü,hard,positive_like,True,investor_impact,Portföy sadeleştirme dili olumlu görünse de değer düşüklüğü gideri yatırımcı açısından negatiftir.,PHRASE-0155,hard,olumlu dille değer düşüklüğü,neutral,nötr,0.351577,0.506079,0.142343,False
"Pera Yazılım, sermaye yapısını güçlendirmek ve büyüme esnekliğini artırmak amacıyla %37 oranında bedelli sermaye artırımı planladığını duyurdu.",negative,negatif,hard_rights_issue,olumlu dille bedelli sermaye artırımı,hard,positive_like,True,investor_impact,Dil olumlu olsa da hissedar seyrelmesi yaratan bedelli sermaye artırımı yatırımcı açısından negatiftir.,PHRASE-0158,hard,olumlu dille bedelli sermaye artırımı,positive,pozitif,0.005569,0.169953,0.824478,False
"Aksa Enerji, 2026 ilk çeyrek sonrasında bilanço dayanıklılığını korumak amacıyla bu yıl temettü dağıtmayacağını ve yatırım harcamalarının bir bölümünü sonraki döneme kaydıracağını duyurdu.",negative,negatif,hard_dividend_cut,olumlu dille temettü iptali,hard,positive_like,True,investor_impact,Koruyucu dil kullanılmasına rağmen temettü iptali ve harcama ertelemesi yatırımcı açısından negatiftir.,PHRASE-0160,hard,olumlu dille temettü iptali,neutral,nötr,0.007451,0.976433,0.016116,False
"Kuzey Madencilik, hisse başına 4,64 TL nakit temettü dağıtacağını ve 289 milyon TL tutarında pay geri alım programı başlatacağını açıkladı.",positive,pozitif,clear_shareholder_return,açık hissedar getirisi,clear,positive_like,False,investor_impact,Temettü ve geri alım birlikte yatırımcı açısından açık pozitif değer sinyali üretir.,PHRASE-0161,açık,açık hissedar getirisi,neutral,nötr,0.006152,0.946019,0.047829,False
"Sera Ambalaj, bilanço esnekliğini korumak ve nakit yönetimini desteklemek amacıyla 1.530 milyon TL ek kısa vadeli kredi kullandı; net borç/FAVÖK oranı 2,2x seviyesinden 2,7x seviyesine yükseldi.",negative,negatif,hard_liquidity_pressure,olumlu dille likidite baskısı,hard,positive_like,True,investor_impact,Dil yapısı olumlu görünse de artan kısa vadeli borç ve kötüleşen kaldıraç oranı yatırımcı açısından negatiftir.,PHRASE-0162,hard,olumlu dille likidite baskısı,positive,pozitif,0.002531,0.12671,0.870759,False
"Orion Otomotiv, bilanço esnekliğini korumak ve nakit yönetimini desteklemek amacıyla 248 milyon TL ek kısa vadeli kredi kullandı; net borç/FAVÖK oranı 2,2x seviyesinden 2,6x seviyesine yükseldi.",negative,negatif,hard_liquidity_pressure,olumlu dille likidite baskısı,hard,positive_like,True,investor_impact,Dil yapısı olumlu görünse de artan kısa vadeli borç ve kötüleşen kaldıraç oranı yatırımcı açısından negatiftir.,PHRASE-0163,hard,olumlu dille likidite baskısı,positive,pozitif,0.002486,0.127773,0.869741,False
"Kuzey Madencilik, portföy verimliliğini artırma süreci kapsamında Polonya pazarındaki 703 milyon TL tutarındaki ana dağıtım sözleşmesinin yenilenmediğini ve sipariş akışında zayıflama beklediğini açıkladı.",negative,negatif,hard_contract_loss,olumlu dille sözleşme kaybı,hard,positive_like,True,investor_impact,Yeniden dengeleme dili olumlu görünse de önemli sözleşme kaybı yatırımcı açısından negatiftir.,PHRASE-0168,hard,olumlu dille sözleşme kaybı,neutral,nötr,0.443421,0.541382,0.015197,False
"Formel Kimya, sermaye yapısını güçlendirmek ve büyüme esnekliğini artırmak amacıyla %160 oranında bedelli sermaye artırımı planladığını duyurdu.",negative,negatif,hard_rights_issue,olumlu dille bedelli sermaye artırımı,hard,positive_like,True,investor_impact,Dil olumlu olsa da hissedar seyrelmesi yaratan bedelli sermaye artırımı yatırımcı açısından negatiftir.,PHRASE-0177,hard,olumlu dille bedelli sermaye artırımı,positive,pozitif,0.006475,0.262277,0.731248,False
"Delta Yatırım Holding, 2025 üçüncü çeyrek sonrasında bilanço dayanıklılığını korumak amacıyla bu yıl temettü dağıtmayacağını ve yatırım harcamalarının bir bölümünü sonraki döneme kaydıracağını duyurdu.",negative,negatif,hard_dividend_cut,olumlu dille temettü iptali,hard,positive_like,True,investor_impact,Koruyucu dil kullanılmasına rağmen temettü iptali ve harcama ertelemesi yatırımcı açısından negatiftir.,PHRASE-0178,hard,olumlu dille temettü iptali,neutral,nötr,0.00628,0.978574,0.015146,False
"Mavi Makine, 2025 üçüncü çeyrek sonrasında bilanço dayanıklılığını korumak amacıyla bu yıl temettü dağıtmayacağını ve yatırım harcamalarının bir bölümünü sonraki döneme kaydıracağını duyurdu.",negative,negatif,hard_dividend_cut,olumlu dille temettü iptali,hard,positive_like,True,investor_impact,Koruyucu dil kullanılmasına rağmen temettü iptali ve harcama ertelemesi yatırımcı açısından negatiftir.,PHRASE-0185,hard,olumlu dille temettü iptali,neutral,nötr,0.005923,0.977505,0.016572,False
"Trend Tarım, Almanya pazarında 574 milyon TL tutarında 4 yıllık satış sözleşmesi imzaladı; anlaşmanın gelecek 12 ay gelirlerine doğrudan katkı sağlaması bekleniyor.",positive,pozitif,clear_contract_gain,açık sözleşme kazanımı,clear,positive_like,False,investor_impact,Somut büyüklüğü olan yeni sözleşme yatırımcı açısından açık pozitif kabul edilir.,PHRASE-0186,açık,açık sözleşme kazanımı,neutral,nötr,0.003185,0.573806,0.42301,False
"Kuzey Madencilik, portföy sadeleştirme programı kapsamında 286 milyon TL stok ve varlık değer düşüklüğü gideri kaydettiğini açıkladı.",negative,negatif,hard_inventory_writeoff,olumlu dille değer düşüklüğü,hard,positive_like,True,investor_impact,Portföy sadeleştirme dili olumlu görünse de değer düşüklüğü gideri yatırımcı açısından negatiftir.,PHRASE-0187,hard,olumlu dille değer düşüklüğü,neutral,nötr,0.350393,0.566956,0.082651,False
"Kuzey Madencilik, hisse başına 4,76 TL nakit temettü dağıtacağını ve 882 milyon TL tutarında pay geri alım programı başlatacağını açıkladı.",positive,pozitif,clear_shareholder_return,açık hissedar getirisi,clear,positive_like,False,investor_impact,Temettü ve geri alım birlikte yatırımcı açısından açık pozitif değer sinyali üretir.,PHRASE-0190,açık,açık hissedar getirisi,neutral,nötr,0.006074,0.945398,0.048528,False
"Pera Yazılım, hisse başına 1,72 TL nakit temettü dağıtacağını ve 589 milyon TL tutarında pay geri alım programı başlatacağını açıkladı.",positive,pozitif,clear_shareholder_return,açık hissedar getirisi,clear,positive_like,False,investor_impact,Temettü ve geri alım birlikte yatırımcı açısından açık pozitif değer sinyali üretir.,PHRASE-0197,açık,açık hissedar getirisi,neutral,nötr,0.005712,0.949047,0.04524,False
"Nova Sağlık, sermaye yapısını güçlendirmek ve büyüme esnekliğini artırmak amacıyla %81 oranında bedelli sermaye artırımı planladığını duyurdu.",negative,negatif,hard_rights_issue,olumlu dille bedelli sermaye artırımı,hard,positive_like,True,investor_impact,Dil olumlu olsa da hissedar seyrelmesi yaratan bedelli sermaye artırımı yatırımcı açısından negatiftir.,PHRASE-0201,hard,olumlu dille bedelli sermaye artırımı,positive,pozitif,0.006077,0.177322,0.816601,False
"Bora Lojistik, bilanço esnekliğini korumak ve nakit yönetimini desteklemek amacıyla 706 milyon TL ek kısa vadeli kredi kullandı; net borç/FAVÖK oranı 1,9x seviyesinden 2,9x seviyesine yükseldi.",negative,negatif,hard_liquidity_pressure,olumlu dille likidite baskısı,hard,positive_like,True,investor_impact,Dil yapısı olumlu görünse de artan kısa vadeli borç ve kötüleşen kaldıraç oranı yatırımcı açısından negatiftir.,PHRASE-0205,hard,olumlu dille likidite baskısı,positive,pozitif,0.002778,0.134251,0.862971,False
"Formel Kimya, portföy sadeleştirme programı kapsamında 142 milyon TL stok ve varlık değer düşüklüğü gideri kaydettiğini açıkladı.",negative,negatif,hard_inventory_writeoff,olumlu dille değer düşüklüğü,hard,positive_like,True,investor_impact,Portföy sadeleştirme dili olumlu görünse de değer düşüklüğü gideri yatırımcı açısından negatiftir.,PHRASE-0213,hard,olumlu dille değer düşüklüğü,neutral,nötr,0.238646,0.640824,0.12053,False
"Güney Perakende, Almanya pazarında 530 milyon TL tutarında 3 yıllık satış sözleşmesi imzaladı; anlaşmanın gelecek 12 ay gelirlerine doğrudan katkı sağlaması bekleniyor.",positive,pozitif,clear_contract_gain,açık sözleşme kazanımı,clear,positive_like,False,investor_impact,Somut büyüklüğü olan yeni sözleşme yatırımcı açısından açık pozitif kabul edilir.,PHRASE-0222,açık,açık sözleşme kazanımı,neutral,nötr,0.003178,0.572289,0.424533,False
"Orion Otomotiv, mevcut kredi limitini 6 ay benzer vade ve maliyet koşullarıyla yenilediğini ve işlem nedeniyle kârlılık beklentilerinde değişiklik olmadığını açıkladı.",neutral,nötr,unchanged_financing_rollover,koşulları değişmeyen finansman yenilemesi,nuanced,neutral_like,False,investor_impact,Yeni değer yaratan veya bozan bir unsur içermeyen finansman yenilemesi neutral etiketlenir.,PHRASE-0232,nüanslı,koşulları değişmeyen finansman yenilemesi,positive,pozitif,0.006521,0.366647,0.626832,False
"Formel Kimya, Birleşik Arap Emirlikleri pazarında 1.082 milyon TL tutarında 5 yıllık satış sözleşmesi imzaladı; anlaşmanın gelecek 12 ay gelirlerine doğrudan katkı sağlaması bekleniyor.",positive,pozitif,clear_contract_gain,açık sözleşme kazanımı,clear,positive_like,False,investor_impact,Somut büyüklüğü olan yeni sözleşme yatırımcı açısından açık pozitif kabul edilir.,PHRASE-0233,açık,açık sözleşme kazanımı,neutral,nötr,0.003284,0.586245,0.410471,False
"Eksen Teknoloji, hisse başına 4,76 TL nakit temettü dağıtacağını ve 750 milyon TL tutarında pay geri alım programı başlatacağını açıkladı.",positive,pozitif,clear_shareholder_return,açık hissedar getirisi,clear,positive_like,False,investor_impact,Temettü ve geri alım birlikte yatırımcı açısından açık pozitif değer sinyali üretir.,PHRASE-0240,açık,açık hissedar getirisi,neutral,nötr,0.005668,0.919042,0.07529,False
"Mavi Makine, bilanço esnekliğini korumak ve nakit yönetimini desteklemek amacıyla 534 milyon TL ek kısa vadeli kredi kullandı; net borç/FAVÖK oranı 1,8x seviyesinden 2,8x seviyesine yükseldi.",negative,negatif,hard_liquidity_pressure,olumlu dille likidite baskısı,hard,positive_like,True,investor_impact,Dil yapısı olumlu görünse de artan kısa vadeli borç ve kötüleşen kaldıraç oranı yatırımcı açısından negatiftir.,PHRASE-0241,hard,olumlu dille likidite baskısı,positive,pozitif,0.003138,0.160009,0.836853,False
"Orion Otomotiv, bilanço esnekliğini korumak ve nakit yönetimini desteklemek amacıyla 1.590 milyon TL ek kısa vadeli kredi kullandı; net borç/FAVÖK oranı 2,1x seviyesinden 3,1x seviyesine yükseldi.",negative,negatif,hard_liquidity_pressure,olumlu dille likidite baskısı,hard,positive_like,True,investor_impact,Dil yapısı olumlu görünse de artan kısa vadeli borç ve kötüleşen kaldıraç oranı yatırımcı açısından negatiftir.,PHRASE-0248,hard,olumlu dille likidite baskısı,positive,pozitif,0.002488,0.112904,0.884608,False
"Orion Otomotiv, portföy sadeleştirme programı kapsamında 415 milyon TL stok ve varlık değer düşüklüğü gideri kaydettiğini açıkladı.",negative,negatif,hard_inventory_writeoff,olumlu dille değer düşüklüğü,hard,positive_like,True,investor_impact,Portföy sadeleştirme dili olumlu görünse de değer düşüklüğü gideri yatırımcı açısından negatiftir.,PHRASE-0250,hard,olumlu dille değer düşüklüğü,neutral,nötr,0.379554,0.488367,0.132079,False
"Delta Yatırım Holding, sermaye yapısını güçlendirmek ve büyüme esnekliğini artırmak amacıyla %112 oranında bedelli sermaye artırımı planladığını duyurdu.",negative,negatif,hard_rights_issue,olumlu dille bedelli sermaye artırımı,hard,positive_like,True,investor_impact,Dil olumlu olsa da hissedar seyrelmesi yaratan bedelli sermaye artırımı yatırımcı açısından negatiftir.,PHRASE-0251,hard,olumlu dille bedelli sermaye artırımı,positive,pozitif,0.006262,0.258765,0.734973,False
"Lima Gayrimenkul, portföy sadeleştirme programı kapsamında 98 milyon TL stok ve varlık değer düşüklüğü gideri kaydettiğini açıkladı.",negative,negatif,hard_inventory_writeoff,olumlu dille değer düşüklüğü,hard,positive_like,True,investor_impact,Portföy sadeleştirme dili olumlu görünse de değer düşüklüğü gideri yatırımcı açısından negatiftir.,PHRASE-0257,hard,olumlu dille değer düşüklüğü,neutral,nötr,0.272518,0.631527,0.095955,False
"Nova Sağlık, hisse başına 4,02 TL nakit temettü dağıtacağını ve 421 milyon TL tutarında pay geri alım programı başlatacağını açıkladı.",positive,pozitif,clear_shareholder_return,açık hissedar getirisi,clear,positive_like,False,investor_impact,Temettü ve geri alım birlikte yatırımcı açısından açık pozitif değer sinyali üretir.,PHRASE-0258,açık,açık hissedar getirisi,neutral,nötr,0.006447,0.939804,0.053749,False
"Nova Sağlık, portföy verimliliğini artırma süreci kapsamında İtalya pazarındaki 889 milyon TL tutarındaki ana dağıtım sözleşmesinin yenilenmediğini ve sipariş akışında zayıflama beklediğini açıkladı.",negative,negatif,hard_contract_loss,olumlu dille sözleşme kaybı,hard,positive_like,True,investor_impact,Yeniden dengeleme dili olumlu görünse de önemli sözleşme kaybı yatırımcı açısından negatiftir.,PHRASE-0269,hard,olumlu dille sözleşme kaybı,neutral,nötr,0.427817,0.556355,0.015827,False
"Eksen Teknoloji, mevcut kredi limitini 18 ay benzer vade ve maliyet koşullarıyla yenilediğini ve işlem nedeniyle kârlılık beklentilerinde değişiklik olmadığını açıkladı.",neutral,nötr,unchanged_financing_rollover,koşulları değişmeyen finansman yenilemesi,nuanced,neutral_like,False,investor_impact,Yeni değer yaratan veya bozan bir unsur içermeyen finansman yenilemesi neutral etiketlenir.,PHRASE-0272,nüanslı,koşulları değişmeyen finansman yenilemesi,positive,pozitif,0.005807,0.319467,0.674726,False
"Formel Kimya, Almanya pazarında 259 milyon TL tutarında 4 yıllık satış sözleşmesi imzaladı; anlaşmanın gelecek 12 ay gelirlerine doğrudan katkı sağlaması bekleniyor.",positive,pozitif,clear_contract_gain,açık sözleşme kazanımı,clear,positive_like,False,investor_impact,Somut büyüklüğü olan yeni sözleşme yatırımcı açısından açık pozitif kabul edilir.,PHRASE-0279,açık,açık sözleşme kazanımı,neutral,nötr,0.00322,0.591438,0.405343,False
"Trend Tarım, bilanço esnekliğini korumak ve nakit yönetimini desteklemek amacıyla 634 milyon TL ek kısa vadeli kredi kullandı; net borç/FAVÖK oranı 1,3x seviyesinden 2,5x seviyesine yükseldi.",negative,negatif,hard_liquidity_pressure,olumlu dille likidite baskısı,hard,positive_like,True,investor_impact,Dil yapısı olumlu görünse de artan kısa vadeli borç ve kötüleşen kaldıraç oranı yatırımcı açısından negatiftir.,PHRASE-0280,hard,olumlu dille likidite baskısı,positive,pozitif,0.002581,0.128272,0.869147,False
"Formel Kimya, sermaye yapısını güçlendirmek ve büyüme esnekliğini artırmak amacıyla %167 oranında bedelli sermaye artırımı planladığını duyurdu.",negative,negatif,hard_rights_issue,olumlu dille bedelli sermaye artırımı,hard,positive_like,True,investor_impact,Dil olumlu olsa da hissedar seyrelmesi yaratan bedelli sermaye artırımı yatırımcı açısından negatiftir.,PHRASE-0282,hard,olumlu dille bedelli sermaye artırımı,positive,pozitif,0.006589,0.240091,0.75332,False
"Hedef Savunma, mevcut kredi limitini 6 ay benzer vade ve maliyet koşullarıyla yenilediğini ve işlem nedeniyle kârlılık beklentilerinde değişiklik olmadığını açıkladı.",neutral,nötr,unchanged_financing_rollover,koşulları değişmeyen finansman yenilemesi,nuanced,neutral_like,False,investor_impact,Yeni değer yaratan veya bozan bir unsur içermeyen finansman yenilemesi neutral etiketlenir.,PHRASE-0283,nüanslı,koşulları değişmeyen finansman yenilemesi,positive,pozitif,0.00626,0.436496,0.557244,False
"Lima Gayrimenkul, Romanya pazarında 1.480 milyon TL tutarında 5 yıllık satış sözleşmesi imzaladı; anlaşmanın gelecek 12 ay gelirlerine doğrudan katkı sağlaması bekleniyor.",positive,pozitif,clear_contract_gain,açık sözleşme kazanımı,clear,positive_like,False,investor_impact,Somut büyüklüğü olan yeni sözleşme yatırımcı açısından açık pozitif kabul edilir.,PHRASE-0285,açık,açık sözleşme kazanımı,neutral,nötr,0.003456,0.57958,0.416964,False
"Anatolia Gıda, sermaye yapısını güçlendirmek ve büyüme esnekliğini artırmak amacıyla %68 oranında bedelli sermaye artırımı planladığını duyurdu.",negative,negatif,hard_rights_issue,olumlu dille bedelli sermaye artırımı,hard,positive_like,True,investor_impact,Dil olumlu olsa da hissedar seyrelmesi yaratan bedelli sermaye artırımı yatırımcı açısından negatiftir.,PHRASE-0288,hard,olumlu dille bedelli sermaye artırımı,positive,pozitif,0.006689,0.241685,0.751626,False
"Sera Ambalaj, hisse başına 2,76 TL nakit temettü dağıtacağını ve 304 milyon TL tutarında pay geri alım programı başlatacağını açıkladı.",positive,pozitif,clear_shareholder_return,açık hissedar getirisi,clear,positive_like,False,investor_impact,Temettü ve geri alım birlikte yatırımcı açısından açık pozitif değer sinyali üretir.,PHRASE-0289,açık,açık hissedar getirisi,neutral,nötr,0.005798,0.940699,0.053503,False
"Güney Perakende, mevcut kredi limitini 12 ay benzer vade ve maliyet koşullarıyla yenilediğini ve işlem nedeniyle kârlılık beklentilerinde değişiklik olmadığını açıkladı.",neutral,nötr,unchanged_financing_rollover,koşulları değişmeyen finansman yenilemesi,nuanced,neutral_like,False,investor_impact,Yeni değer yaratan veya bozan bir unsur içermeyen finansman yenilemesi neutral etiketlenir.,PHRASE-0301,nüanslı,koşulları değişmeyen finansman yenilemesi,positive,pozitif,0.006766,0.487656,0.505578,False
"Eksen Teknoloji, 2025 ilk çeyrek sonrasında bilanço dayanıklılığını korumak amacıyla bu yıl temettü dağıtmayacağını ve yatırım harcamalarının bir bölümünü sonraki döneme kaydıracağını duyurdu.",negative,negatif,hard_dividend_cut,olumlu dille temettü iptali,hard,positive_like,True,investor_impact,Koruyucu dil kullanılmasına rağmen temettü iptali ve harcama ertelemesi yatırımcı açısından negatiftir.,PHRASE-0302,hard,olumlu dille temettü iptali,neutral,nötr,0.006691,0.967819,0.02549,False
"Anatolia Gıda, portföy sadeleştirme programı kapsamında 183 milyon TL stok ve varlık değer düşüklüğü gideri kaydettiğini açıkladı.",negative,negatif,hard_inventory_writeoff,olumlu dille değer düşüklüğü,hard,positive_like,True,investor_impact,Portföy sadeleştirme dili olumlu görünse de değer düşüklüğü gideri yatırımcı açısından negatiftir.,PHRASE-0305,hard,olumlu dille değer düşüklüğü,neutral,nötr,0.271573,0.641852,0.086576,False
"Vizyon Telekom, bilanço esnekliğini korumak ve nakit yönetimini desteklemek amacıyla 401 milyon TL ek kısa vadeli kredi kullandı; net borç/FAVÖK oranı 2,6x seviyesinden 3,5x seviyesine yükseldi.",negative,negatif,hard_liquidity_pressure,olumlu dille likidite baskısı,hard,positive_like,True,investor_impact,Dil yapısı olumlu görünse de artan kısa vadeli borç ve kötüleşen kaldıraç oranı yatırımcı açısından negatiftir.,PHRASE-0306,hard,olumlu dille likidite baskısı,positive,pozitif,0.002151,0.067386,0.930463,False
"Bora Lojistik, sermaye yapısını güçlendirmek ve büyüme esnekliğini artırmak amacıyla %80 oranında bedelli sermaye artırımı planladığını duyurdu.",negative,negatif,hard_rights_issue,olumlu dille bedelli sermaye artırımı,hard,positive_like,True,investor_impact,Dil olumlu olsa da hissedar seyrelmesi yaratan bedelli sermaye artırımı yatırımcı açısından negatiftir.,PHRASE-0307,hard,olumlu dille bedelli sermaye artırımı,positive,pozitif,0.006549,0.176739,0.816712,False
"Nova Sağlık, portföy sadeleştirme programı kapsamında 103 milyon TL stok ve varlık değer düşüklüğü gideri kaydettiğini açıkladı.",negative,negatif,hard_inventory_writeoff,olumlu dille değer düşüklüğü,hard,positive_like,True,investor_impact,Portföy sadeleştirme dili olumlu görünse de değer düşüklüğü gideri yatırımcı açısından negatiftir.,PHRASE-0309,hard,olumlu dille değer düşüklüğü,neutral,nötr,0.334202,0.539469,0.126329,False
"Aksa Enerji, portföy verimliliğini artırma süreci kapsamında Mısır pazarındaki 1.207 milyon TL tutarındaki ana dağıtım sözleşmesinin yenilenmediğini ve sipariş akışında zayıflama beklediğini açıkladı.",negative,negatif,hard_contract_loss,olumlu dille sözleşme kaybı,hard,positive_like,True,investor_impact,Yeniden dengeleme dili olumlu görünse de önemli sözleşme kaybı yatırımcı açısından negatiftir.,PHRASE-0312,hard,olumlu dille sözleşme kaybı,neutral,nötr,0.376167,0.596748,0.027085,False
"Anatolia Gıda, hisse başına 2,81 TL nakit temettü dağıtacağını ve 515 milyon TL tutarında pay geri alım programı başlatacağını açıkladı.",positive,pozitif,clear_shareholder_return,açık hissedar getirisi,clear,positive_like,False,investor_impact,Temettü ve geri alım birlikte yatırımcı açısından açık pozitif değer sinyali üretir.,PHRASE-0313,açık,açık hissedar getirisi,neutral,nötr,0.006025,0.944023,0.049952,False
"Pera Yazılım, sermaye yapısını güçlendirmek ve büyüme esnekliğini artırmak amacıyla %111 oranında bedelli sermaye artırımı planladığını duyurdu.",negative,negatif,hard_rights_issue,olumlu dille bedelli sermaye artırımı,hard,positive_like,True,investor_impact,Dil olumlu olsa da hissedar seyrelmesi yaratan bedelli sermaye artırımı yatırımcı açısından negatiftir.,PHRASE-0320,hard,olumlu dille bedelli sermaye artırımı,positive,pozitif,0.006202,0.206578,0.78722,False
"Güney Perakende, Polonya pazarında 601 milyon TL tutarında 3 yıllık satış sözleşmesi imzaladı; anlaşmanın gelecek 12 ay gelirlerine doğrudan katkı sağlaması bekleniyor.",positive,pozitif,clear_contract_gain,açık sözleşme kazanımı,clear,positive_like,False,investor_impact,Somut büyüklüğü olan yeni sözleşme yatırımcı açısından açık pozitif kabul edilir.,PHRASE-0322,açık,açık sözleşme kazanımı,neutral,nötr,0.003097,0.512963,0.48394,False
"Hedef Savunma, hisse başına 3,85 TL nakit temettü dağıtacağını ve 535 milyon TL tutarında pay geri alım programı başlatacağını açıkladı.",positive,pozitif,clear_shareholder_return,açık hissedar getirisi,clear,positive_like,False,investor_impact,Temettü ve geri alım birlikte yatırımcı açısından açık pozitif değer sinyali üretir.,PHRASE-0323,açık,açık hissedar getirisi,neutral,nötr,0.005591,0.92995,0.064459,False
"Orion Otomotiv, 2025 yıl sonu sonrasında bilanço dayanıklılığını korumak amacıyla bu yıl temettü dağıtmayacağını ve yatırım harcamalarının bir bölümünü sonraki döneme kaydıracağını duyurdu.",negative,negatif,hard_dividend_cut,olumlu dille temettü iptali,hard,positive_like,True,investor_impact,Koruyucu dil kullanılmasına rağmen temettü iptali ve harcama ertelemesi yatırımcı açısından negatiftir.,PHRASE-0324,hard,olumlu dille temettü iptali,neutral,nötr,0.008034,0.974082,0.017885,False
"Nova Sağlık, portföy verimliliğini artırma süreci kapsamında Mısır pazarındaki 196 milyon TL tutarındaki ana dağıtım sözleşmesinin yenilenmediğini ve sipariş akışında zayıflama beklediğini açıkladı.",negative,negatif,hard_contract_loss,olumlu dille sözleşme kaybı,hard,positive_like,True,investor_impact,Yeniden dengeleme dili olumlu görünse de önemli sözleşme kaybı yatırımcı açısından negatiftir.,PHRASE-0329,hard,olumlu dille sözleşme kaybı,neutral,nötr,0.429352,0.554965,0.015683,False
"Mavi Makine, hisse başına 1,38 TL nakit temettü dağıtacağını ve 695 milyon TL tutarında pay geri alım programı başlatacağını açıkladı.",positive,pozitif,clear_shareholder_return,açık hissedar getirisi,clear,positive_like,False,investor_impact,Temettü ve geri alım birlikte yatırımcı açısından açık pozitif değer sinyali üretir.,PHRASE-0330,açık,açık hissedar getirisi,neutral,nötr,0.006106,0.950281,0.043613,False
"Formel Kimya, 2025 ikinci çeyrek sonrasında bilanço dayanıklılığını korumak amacıyla bu yıl temettü dağıtmayacağını ve yatırım harcamalarının bir bölümünü sonraki döneme kaydıracağını duyurdu.",negative,negatif,hard_dividend_cut,olumlu dille temettü iptali,hard,positive_like,True,investor_impact,Koruyucu dil kullanılmasına rağmen temettü iptali ve harcama ertelemesi yatırımcı açısından negatiftir.,PHRASE-0333,hard,olumlu dille temettü iptali,neutral,nötr,0.007077,0.974474,0.018449,False
"Anatolia Gıda, hisse başına 3,41 TL nakit temettü dağıtacağını ve 886 milyon TL tutarında pay geri alım programı başlatacağını açıkladı.",positive,pozitif,clear_shareholder_return,açık hissedar getirisi,clear,positive_like,False,investor_impact,Temettü ve geri alım birlikte yatırımcı açısından açık pozitif değer sinyali üretir.,PHRASE-0334,açık,açık hissedar getirisi,neutral,nötr,0.006049,0.949861,0.04409,False
"Hedef Savunma, bilanço esnekliğini korumak ve nakit yönetimini desteklemek amacıyla 1.559 milyon TL ek kısa vadeli kredi kullandı; net borç/FAVÖK oranı 1,3x seviyesinden 2,0x seviyesine yükseldi.",negative,negatif,hard_liquidity_pressure,olumlu dille likidite baskısı,hard,positive_like,True,investor_impact,Dil yapısı olumlu görünse de artan kısa vadeli borç ve kötüleşen kaldıraç oranı yatırımcı açısından negatiftir.,PHRASE-0335,hard,olumlu dille likidite baskısı,positive,pozitif,0.002851,0.189323,0.807826,False
"Mavi Makine, İtalya pazarında 634 milyon TL tutarında 2 yıllık satış sözleşmesi imzaladı; anlaşmanın gelecek 12 ay gelirlerine doğrudan katkı sağlaması bekleniyor.",positive,pozitif,clear_contract_gain,açık sözleşme kazanımı,clear,positive_like,False,investor_impact,Somut büyüklüğü olan yeni sözleşme yatırımcı açısından açık pozitif kabul edilir.,PHRASE-0341,açık,açık sözleşme kazanımı,neutral,nötr,0.00339,0.587088,0.409523,False
"Vizyon Telekom, mevcut kredi limitini 9 ay benzer vade ve maliyet koşullarıyla yenilediğini ve işlem nedeniyle kârlılık beklentilerinde değişiklik olmadığını açıkladı.",neutral,nötr,unchanged_financing_rollover,koşulları değişmeyen finansman yenilemesi,nuanced,neutral_like,False,investor_impact,Yeni değer yaratan veya bozan bir unsur içermeyen finansman yenilemesi neutral etiketlenir.,PHRASE-0342,nüanslı,koşulları değişmeyen finansman yenilemesi,positive,pozitif,0.006582,0.445627,0.547791,False
"Rota Cam, hisse başına 2,36 TL nakit temettü dağıtacağını ve 283 milyon TL tutarında pay geri alım programı başlatacağını açıkladı.",positive,pozitif,clear_shareholder_return,açık hissedar getirisi,clear,positive_like,False,investor_impact,Temettü ve geri alım birlikte yatırımcı açısından açık pozitif değer sinyali üretir.,PHRASE-0343,açık,açık hissedar getirisi,neutral,nötr,0.006126,0.933775,0.060099,False
"Anatolia Gıda, sermaye yapısını güçlendirmek ve büyüme esnekliğini artırmak amacıyla %141 oranında bedelli sermaye artırımı planladığını duyurdu.",negative,negatif,hard_rights_issue,olumlu dille bedelli sermaye artırımı,hard,positive_like,True,investor_impact,Dil olumlu olsa da hissedar seyrelmesi yaratan bedelli sermaye artırımı yatırımcı açısından negatiftir.,PHRASE-0346,hard,olumlu dille bedelli sermaye artırımı,positive,pozitif,0.006278,0.19495,0.798773,False
"Kuzey Madencilik, bilanço esnekliğini korumak ve nakit yönetimini desteklemek amacıyla 1.547 milyon TL ek kısa vadeli kredi kullandı; net borç/FAVÖK oranı 1,5x seviyesinden 2,8x seviyesine yükseldi.",negative,negatif,hard_liquidity_pressure,olumlu dille likidite baskısı,hard,positive_like,True,investor_impact,Dil yapısı olumlu görünse de artan kısa vadeli borç ve kötüleşen kaldıraç oranı yatırımcı açısından negatiftir.,PHRASE-0347,hard,olumlu dille likidite baskısı,positive,pozitif,0.002747,0.143456,0.853797,False
"Eksen Teknoloji, bilanço esnekliğini korumak ve nakit yönetimini desteklemek amacıyla 309 milyon TL ek kısa vadeli kredi kullandı; net borç/FAVÖK oranı 1,3x seviyesinden 2,7x seviyesine yükseldi.",negative,negatif,hard_liquidity_pressure,olumlu dille likidite baskısı,hard,positive_like,True,investor_impact,Dil yapısı olumlu görünse de artan kısa vadeli borç ve kötüleşen kaldıraç oranı yatırımcı açısından negatiftir.,PHRASE-0350,hard,olumlu dille likidite baskısı,positive,pozitif,0.002499,0.140284,0.857217,False
"Anatolia Gıda, bilanço esnekliğini korumak ve nakit yönetimini desteklemek amacıyla 845 milyon TL ek kısa vadeli kredi kullandı; net borç/FAVÖK oranı 2,2x seviyesinden 2,9x seviyesine yükseldi.",negative,negatif,hard_liquidity_pressure,olumlu dille likidite baskısı,hard,positive_like,True,investor_impact,Dil yapısı olumlu görünse de artan kısa vadeli borç ve kötüleşen kaldıraç oranı yatırımcı açısından negatiftir.,PHRASE-0358,hard,olumlu dille likidite baskısı,positive,pozitif,0.002622,0.121981,0.875397,False
"Bora Lojistik, sermaye yapısını güçlendirmek ve büyüme esnekliğini artırmak amacıyla %106 oranında bedelli sermaye artırımı planladığını duyurdu.",negative,negatif,hard_rights_issue,olumlu dille bedelli sermaye artırımı,hard,positive_like,True,investor_impact,Dil olumlu olsa da hissedar seyrelmesi yaratan bedelli sermaye artırımı yatırımcı açısından negatiftir.,PHRASE-0359,hard,olumlu dille bedelli sermaye artırımı,positive,pozitif,0.006419,0.204039,0.789542,False
"Mavi Makine, hisse başına 3,55 TL nakit temettü dağıtacağını ve 351 milyon TL tutarında pay geri alım programı başlatacağını açıkladı.",positive,pozitif,clear_shareholder_return,açık hissedar getirisi,clear,positive_like,False,investor_impact,Temettü ve geri alım birlikte yatırımcı açısından açık pozitif değer sinyali üretir.,PHRASE-0361,açık,açık hissedar getirisi,neutral,nötr,0.005783,0.939084,0.055133,False
"Kuzey Madencilik, sermaye yapısını güçlendirmek ve büyüme esnekliğini artırmak amacıyla %122 oranında bedelli sermaye artırımı planladığını duyurdu.",negative,negatif,hard_rights_issue,olumlu dille bedelli sermaye artırımı,hard,positive_like,True,investor_impact,Dil olumlu olsa da hissedar seyrelmesi yaratan bedelli sermaye artırımı yatırımcı açısından negatiftir.,PHRASE-0363,hard,olumlu dille bedelli sermaye artırımı,positive,pozitif,0.005752,0.163264,0.830983,False
"Sera Ambalaj, bilanço esnekliğini korumak ve nakit yönetimini desteklemek amacıyla 313 milyon TL ek kısa vadeli kredi kullandı; net borç/FAVÖK oranı 2,1x seviyesinden 2,8x seviyesine yükseldi.",negative,negatif,hard_liquidity_pressure,olumlu dille likidite baskısı,hard,positive_like,True,investor_impact,Dil yapısı olumlu görünse de artan kısa vadeli borç ve kötüleşen kaldıraç oranı yatırımcı açısından negatiftir.,PHRASE-0369,hard,olumlu dille likidite baskısı,positive,pozitif,0.002955,0.18916,0.807885,False
"Kuzey Madencilik, Almanya pazarında 1.351 milyon TL tutarında 4 yıllık satış sözleşmesi imzaladı; anlaşmanın gelecek 12 ay gelirlerine doğrudan katkı sağlaması bekleniyor.",positive,pozitif,clear_contract_gain,açık sözleşme kazanımı,clear,positive_like,False,investor_impact,Somut büyüklüğü olan yeni sözleşme yatırımcı açısından açık pozitif kabul edilir.,PHRASE-0373,açık,açık sözleşme kazanımı,neutral,nötr,0.003336,0.636634,0.36003,False
"Vizyon Telekom, 2026 ilk yarı sonrasında bilanço dayanıklılığını korumak amacıyla bu yıl temettü dağıtmayacağını ve yatırım harcamalarının bir bölümünü sonraki döneme kaydıracağını duyurdu.",negative,negatif,hard_dividend_cut,olumlu dille temettü iptali,hard,positive_like,True,investor_impact,Koruyucu dil kullanılmasına rağmen temettü iptali ve harcama ertelemesi yatırımcı açısından negatiftir.,PHRASE-0375,hard,olumlu dille temettü iptali,neutral,nötr,0.008029,0.976987,0.014984,False
"Kuzey Madencilik, mevcut kredi limitini 18 ay benzer vade ve maliyet koşullarıyla yenilediğini ve işlem nedeniyle kârlılık beklentilerinde değişiklik olmadığını açıkladı.",neutral,nötr,unchanged_financing_rollover,koşulları değişmeyen finansman yenilemesi,nuanced,neutral_like,False,investor_impact,Yeni değer yaratan veya bozan bir unsur içermeyen finansman yenilemesi neutral etiketlenir.,PHRASE-0379,nüanslı,koşulları değişmeyen finansman yenilemesi,positive,pozitif,0.007259,0.455625,0.537116,False
"Pera Yazılım, portföy sadeleştirme programı kapsamında 228 milyon TL stok ve varlık değer düşüklüğü gideri kaydettiğini açıkladı.",negative,negatif,hard_inventory_writeoff,olumlu dille değer düşüklüğü,hard,positive_like,True,investor_impact,Portföy sadeleştirme dili olumlu görünse de değer düşüklüğü gideri yatırımcı açısından negatiftir.,PHRASE-0389,hard,olumlu dille değer düşüklüğü,neutral,nötr,0.233986,0.646805,0.119209,False
"Lima Gayrimenkul, portföy verimliliğini artırma süreci kapsamında Almanya pazarındaki 489 milyon TL tutarındaki ana dağıtım sözleşmesinin yenilenmediğini ve sipariş akışında zayıflama beklediğini açıkladı.",negative,negatif,hard_contract_loss,olumlu dille sözleşme kaybı,hard,positive_like,True,investor_impact,Yeniden dengeleme dili olumlu görünse de önemli sözleşme kaybı yatırımcı açısından negatiftir.,PHRASE-0390,hard,olumlu dille sözleşme kaybı,neutral,nötr,0.411593,0.573491,0.014916,False
"Sera Ambalaj, mevcut kredi limitini 24 ay benzer vade ve maliyet koşullarıyla yenilediğini ve işlem nedeniyle kârlılık beklentilerinde değişiklik olmadığını açıkladı.",neutral,nötr,unchanged_financing_rollover,koşulları değişmeyen finansman yenilemesi,nuanced,neutral_like,False,investor_impact,Yeni değer yaratan veya bozan bir unsur içermeyen finansman yenilemesi neutral etiketlenir.,PHRASE-0396,nüanslı,koşulları değişmeyen finansman yenilemesi,positive,pozitif,0.006459,0.474481,0.51906,False
"Vizyon Telekom, sermaye yapısını güçlendirmek ve büyüme esnekliğini artırmak amacıyla %48 oranında bedelli sermaye artırımı planladığını duyurdu.",negative,negatif,hard_rights_issue,olumlu dille bedelli sermaye artırımı,hard,positive_like,True,investor_impact,Dil olumlu olsa da hissedar seyrelmesi yaratan bedelli sermaye artırımı yatırımcı açısından negatiftir.,PHRASE-0400,hard,olumlu dille bedelli sermaye artırımı,positive,pozitif,0.007042,0.209913,0.783046,False
"Sera Ambalaj, 2025 ilk çeyrek sonrasında bilanço dayanıklılığını korumak amacıyla bu yıl temettü dağıtmayacağını ve yatırım harcamalarının bir bölümünü sonraki döneme kaydıracağını duyurdu.",negative,negatif,hard_dividend_cut,olumlu dille temettü iptali,hard,positive_like,True,investor_impact,Koruyucu dil kullanılmasına rağmen temettü iptali ve harcama ertelemesi yatırımcı açısından negatiftir.,PHRASE-0416,hard,olumlu dille temettü iptali,neutral,nötr,0.007159,0.975316,0.017525,False
"Formel Kimya, bilanço esnekliğini korumak ve nakit yönetimini desteklemek amacıyla 742 milyon TL ek kısa vadeli kredi kullandı; net borç/FAVÖK oranı 2,6x seviyesinden 3,5x seviyesine yükseldi.",negative,negatif,hard_liquidity_pressure,olumlu dille likidite baskısı,hard,positive_like,True,investor_impact,Dil yapısı olumlu görünse de artan kısa vadeli borç ve kötüleşen kaldıraç oranı yatırımcı açısından negatiftir.,PHRASE-0418,hard,olumlu dille likidite baskısı,positive,pozitif,0.002295,0.105471,0.892234,False
"Formel Kimya, bilanço esnekliğini korumak ve nakit yönetimini desteklemek amacıyla 355 milyon TL ek kısa vadeli kredi kullandı; net borç/FAVÖK oranı 2,6x seviyesinden 4,0x seviyesine yükseldi.",negative,negatif,hard_liquidity_pressure,olumlu dille likidite baskısı,hard,positive_like,True,investor_impact,Dil yapısı olumlu görünse de artan kısa vadeli borç ve kötüleşen kaldıraç oranı yatırımcı açısından negatiftir.,PHRASE-0419,hard,olumlu dille likidite baskısı,positive,pozitif,0.002599,0.151813,0.845588,False
"Kuzey Madencilik, hisse başına 4,59 TL nakit temettü dağıtacağını ve 779 milyon TL tutarında pay geri alım programı başlatacağını açıkladı.",positive,pozitif,clear_shareholder_return,açık hissedar getirisi,clear,positive_like,False,investor_impact,Temettü ve geri alım birlikte yatırımcı açısından açık pozitif değer sinyali üretir.,PHRASE-0420,açık,açık hissedar getirisi,neutral,nötr,0.005829,0.952173,0.041997,False
"Delta Yatırım Holding, hisse başına 3,21 TL nakit temettü dağıtacağını ve 334 milyon TL tutarında pay geri alım programı başlatacağını açıkladı.",positive,pozitif,clear_shareholder_return,açık hissedar getirisi,clear,positive_like,False,investor_impact,Temettü ve geri alım birlikte yatırımcı açısından açık pozitif değer sinyali üretir.,PHRASE-0422,açık,açık hissedar getirisi,neutral,nötr,0.005253,0.950243,0.044504,False
"Pera Yazılım, mevcut kredi limitini 6 ay benzer vade ve maliyet koşullarıyla yenilediğini ve işlem nedeniyle kârlılık beklentilerinde değişiklik olmadığını açıkladı.",neutral,nötr,unchanged_financing_rollover,koşulları değişmeyen finansman yenilemesi,nuanced,neutral_like,False,investor_impact,Yeni değer yaratan veya bozan bir unsur içermeyen finansman yenilemesi neutral etiketlenir.,PHRASE-0428,nüanslı,koşulları değişmeyen finansman yenilemesi,positive,pozitif,0.006499,0.401575,0.591926,False
"Pera Yazılım, mevcut kredi limitini 18 ay benzer vade ve maliyet koşullarıyla yenilediğini ve işlem nedeniyle kârlılık beklentilerinde değişiklik olmadığını açıkladı.",neutral,nötr,unchanged_financing_rollover,koşulları değişmeyen finansman yenilemesi,nuanced,neutral_like,False,investor_impact,Yeni değer yaratan veya bozan bir unsur içermeyen finansman yenilemesi neutral etiketlenir.,PHRASE-0433,nüanslı,koşulları değişmeyen finansman yenilemesi,positive,pozitif,0.006195,0.436876,0.556929,False
"Sera Ambalaj, 2025 üçüncü çeyrek sonrasında bilanço dayanıklılığını korumak amacıyla bu yıl temettü dağıtmayacağını ve yatırım harcamalarının bir bölümünü sonraki döneme kaydıracağını duyurdu.",negative,negatif,hard_dividend_cut,olumlu dille temettü iptali,hard,positive_like,True,investor_impact,Koruyucu dil kullanılmasına rağmen temettü iptali ve harcama ertelemesi yatırımcı açısından negatiftir.,PHRASE-0434,hard,olumlu dille temettü iptali,neutral,nötr,0.006802,0.974698,0.0185,False
"Vizyon Telekom, mevcut kredi limitini 24 ay benzer vade ve maliyet koşullarıyla yenilediğini ve işlem nedeniyle kârlılık beklentilerinde değişiklik olmadığını açıkladı.",neutral,nötr,unchanged_financing_rollover,koşulları değişmeyen finansman yenilemesi,nuanced,neutral_like,False,investor_impact,Yeni değer yaratan veya bozan bir unsur içermeyen finansman yenilemesi neutral etiketlenir.,PHRASE-0444,nüanslı,koşulları değişmeyen finansman yenilemesi,positive,pozitif,0.006234,0.421732,0.572034,False
"Kuzey Madencilik, Mısır pazarında 642 milyon TL tutarında 4 yıllık satış sözleşmesi imzaladı; anlaşmanın gelecek 12 ay gelirlerine doğrudan katkı sağlaması bekleniyor.",positive,pozitif,clear_contract_gain,açık sözleşme kazanımı,clear,positive_like,False,investor_impact,Somut büyüklüğü olan yeni sözleşme yatırımcı açısından açık pozitif kabul edilir.,PHRASE-0449,açık,açık sözleşme kazanımı,neutral,nötr,0.003181,0.545776,0.451043,False
"Bora Lojistik, portföy sadeleştirme programı kapsamında 416 milyon TL stok ve varlık değer düşüklüğü gideri kaydettiğini açıkladı.",negative,negatif,hard_inventory_writeoff,olumlu dille değer düşüklüğü,hard,positive_like,True,investor_impact,Portföy sadeleştirme dili olumlu görünse de değer düşüklüğü gideri yatırımcı açısından negatiftir.,PHRASE-0450,hard,olumlu dille değer düşüklüğü,neutral,nötr,0.26961,0.577881,0.152509,False
"Formel Kimya, Almanya pazarında 1.268 milyon TL tutarında 5 yıllık satış sözleşmesi imzaladı; anlaşmanın gelecek 12 ay gelirlerine doğrudan katkı sağlaması bekleniyor.",positive,pozitif,clear_contract_gain,açık sözleşme kazanımı,clear,positive_like,False,investor_impact,Somut büyüklüğü olan yeni sözleşme yatırımcı açısından açık pozitif kabul edilir.,PHRASE-0457,açık,açık sözleşme kazanımı,neutral,nötr,0.003528,0.599007,0.397465,False
"Vizyon Telekom, portföy verimliliğini artırma süreci kapsamında Mısır pazarındaki 1.239 milyon TL tutarındaki ana dağıtım sözleşmesinin yenilenmediğini ve sipariş akışında zayıflama beklediğini açıkladı.",negative,negatif,hard_contract_loss,olumlu dille sözleşme kaybı,hard,positive_like,True,investor_impact,Yeniden dengeleme dili olumlu görünse de önemli sözleşme kaybı yatırımcı açısından negatiftir.,PHRASE-0458,hard,olumlu dille sözleşme kaybı,neutral,nötr,0.370929,0.607526,0.021545,False
"Trend Tarım, Polonya pazarında 1.286 milyon TL tutarında 2 yıllık satış sözleşmesi imzaladı; anlaşmanın gelecek 12 ay gelirlerine doğrudan katkı sağlaması bekleniyor.",positive,pozitif,clear_contract_gain,açık sözleşme kazanımı,clear,positive_like,False,investor_impact,Somut büyüklüğü olan yeni sözleşme yatırımcı açısından açık pozitif kabul edilir.,PHRASE-0461,açık,açık sözleşme kazanımı,neutral,nötr,0.003446,0.571795,0.424758,False
"Kuzey Madencilik, portföy verimliliğini artırma süreci kapsamında Mısır pazarındaki 580 milyon TL tutarındaki ana dağıtım sözleşmesinin yenilenmediğini ve sipariş akışında zayıflama beklediğini açıkladı.",negative,negatif,hard_contract_loss,olumlu dille sözleşme kaybı,hard,positive_like,True,investor_impact,Yeniden dengeleme dili olumlu görünse de önemli sözleşme kaybı yatırımcı açısından negatiftir.,PHRASE-0462,hard,olumlu dille sözleşme kaybı,neutral,nötr,0.429789,0.554189,0.016021,False
"Formel Kimya, hisse başına 4,07 TL nakit temettü dağıtacağını ve 895 milyon TL tutarında pay geri alım programı başlatacağını açıkladı.",positive,pozitif,clear_shareholder_return,açık hissedar getirisi,clear,positive_like,False,investor_impact,Temettü ve geri alım birlikte yatırımcı açısından açık pozitif değer sinyali üretir.,PHRASE-0464,açık,açık hissedar getirisi,neutral,nötr,0.005848,0.947489,0.046664,False
"Trend Tarım, 2025 ilk çeyrek sonrasında bilanço dayanıklılığını korumak amacıyla bu yıl temettü dağıtmayacağını ve yatırım harcamalarının bir bölümünü sonraki döneme kaydıracağını duyurdu.",negative,negatif,hard_dividend_cut,olumlu dille temettü iptali,hard,positive_like,True,investor_impact,Koruyucu dil kullanılmasına rağmen temettü iptali ve harcama ertelemesi yatırımcı açısından negatiftir.,PHRASE-0465,hard,olumlu dille temettü iptali,neutral,nötr,0.006316,0.977936,0.015749,False
"Sera Ambalaj, bilanço esnekliğini korumak ve nakit yönetimini desteklemek amacıyla 616 milyon TL ek kısa vadeli kredi kullandı; net borç/FAVÖK oranı 1,4x seviyesinden 2,2x seviyesine yükseldi.",negative,negatif,hard_liquidity_pressure,olumlu dille likidite baskısı,hard,positive_like,True,investor_impact,Dil yapısı olumlu görünse de artan kısa vadeli borç ve kötüleşen kaldıraç oranı yatırımcı açısından negatiftir.,PHRASE-0469,hard,olumlu dille likidite baskısı,positive,pozitif,0.002778,0.151424,0.845798,False
"Anatolia Gıda, bilanço esnekliğini korumak ve nakit yönetimini desteklemek amacıyla 218 milyon TL ek kısa vadeli kredi kullandı; net borç/FAVÖK oranı 1,7x seviyesinden 2,4x seviyesine yükseldi.",negative,negatif,hard_liquidity_pressure,olumlu dille likidite baskısı,hard,positive_like,True,investor_impact,Dil yapısı olumlu görünse de artan kısa vadeli borç ve kötüleşen kaldıraç oranı yatırımcı açısından negatiftir.,PHRASE-0470,hard,olumlu dille likidite baskısı,positive,pozitif,0.002605,0.13683,0.860564,False
"Vizyon Telekom, bilanço esnekliğini korumak ve nakit yönetimini desteklemek amacıyla 755 milyon TL ek kısa vadeli kredi kullandı; net borç/FAVÖK oranı 2,1x seviyesinden 2,6x seviyesine yükseldi.",negative,negatif,hard_liquidity_pressure,olumlu dille likidite baskısı,hard,positive_like,True,investor_impact,Dil yapısı olumlu görünse de artan kısa vadeli borç ve kötüleşen kaldıraç oranı yatırımcı açısından negatiftir.,PHRASE-0471,hard,olumlu dille likidite baskısı,positive,pozitif,0.002456,0.095929,0.901615,False
"Formel Kimya, 2025 ilk çeyrek sonrasında bilanço dayanıklılığını korumak amacıyla bu yıl temettü dağıtmayacağını ve yatırım harcamalarının bir bölümünü sonraki döneme kaydıracağını duyurdu.",negative,negatif,hard_dividend_cut,olumlu dille temettü iptali,hard,positive_like,True,investor_impact,Koruyucu dil kullanılmasına rağmen temettü iptali ve harcama ertelemesi yatırımcı açısından negatiftir.,PHRASE-0472,hard,olumlu dille temettü iptali,neutral,nötr,0.007234,0.974901,0.017865,False
"Orion Otomotiv, mevcut kredi limitini 24 ay benzer vade ve maliyet koşullarıyla yenilediğini ve işlem nedeniyle kârlılık beklentilerinde değişiklik olmadığını açıkladı.",neutral,nötr,unchanged_financing_rollover,koşulları değişmeyen finansman yenilemesi,nuanced,neutral_like,False,investor_impact,Yeni değer yaratan veya bozan bir unsur içermeyen finansman yenilemesi neutral etiketlenir.,PHRASE-0474,nüanslı,koşulları değişmeyen finansman yenilemesi,positive,pozitif,0.006057,0.385426,0.608517,False
"Güney Perakende, portföy verimliliğini artırma süreci kapsamında Almanya pazarındaki 386 milyon TL tutarındaki ana dağıtım sözleşmesinin yenilenmediğini ve sipariş akışında zayıflama beklediğini açıkladı.",negative,negatif,hard_contract_loss,olumlu dille sözleşme kaybı,hard,positive_like,True,investor_impact,Yeniden dengeleme dili olumlu görünse de önemli sözleşme kaybı yatırımcı açısından negatiftir.,PHRASE-0476,hard,olumlu dille sözleşme kaybı,neutral,nötr,0.464126,0.522846,0.013029,False
"Nova Sağlık, portföy verimliliğini artırma süreci kapsamında Almanya pazarındaki 1.377 milyon TL tutarındaki ana dağıtım sözleşmesinin yenilenmediğini ve sipariş akışında zayıflama beklediğini açıkladı.",negative,negatif,hard_contract_loss,olumlu dille sözleşme kaybı,hard,positive_like,True,investor_impact,Yeniden dengeleme dili olumlu görünse de önemli sözleşme kaybı yatırımcı açısından negatiftir.,PHRASE-0478,hard,olumlu dille sözleşme kaybı,neutral,nötr,0.425832,0.557839,0.016328,False
"Sera Ambalaj, 2025 ikinci çeyrek sonrasında bilanço dayanıklılığını korumak amacıyla bu yıl temettü dağıtmayacağını ve yatırım harcamalarının bir bölümünü sonraki döneme kaydıracağını duyurdu.",negative,negatif,hard_dividend_cut,olumlu dille temettü iptali,hard,positive_like,True,investor_impact,Koruyucu dil kullanılmasına rağmen temettü iptali ve harcama ertelemesi yatırımcı açısından negatiftir.,PHRASE-0479,hard,olumlu dille temettü iptali,neutral,nötr,0.006977,0.974927,0.018095,False
"Pera Yazılım, sermaye yapısını güçlendirmek ve büyüme esnekliğini artırmak amacıyla %87 oranında bedelli sermaye artırımı planladığını duyurdu.",negative,negatif,hard_rights_issue,olumlu dille bedelli sermaye artırımı,hard,positive_like,True,investor_impact,Dil olumlu olsa da hissedar seyrelmesi yaratan bedelli sermaye artırımı yatırımcı açısından negatiftir.,PHRASE-0480,hard,olumlu dille bedelli sermaye artırımı,positive,pozitif,0.005743,0.178893,0.815364,False
"Kuzey Madencilik, mevcut kredi limitini 9 ay benzer vade ve maliyet koşullarıyla yenilediğini ve işlem nedeniyle kârlılık beklentilerinde değişiklik olmadığını açıkladı.",neutral,nötr,unchanged_financing_rollover,koşulları değişmeyen finansman yenilemesi,nuanced,neutral_like,False,investor_impact,Yeni değer yaratan veya bozan bir unsur içermeyen finansman yenilemesi neutral etiketlenir.,PHRASE-0484,nüanslı,koşulları değişmeyen finansman yenilemesi,positive,pozitif,0.007396,0.461474,0.53113,False
"Delta Yatırım Holding, sermaye yapısını güçlendirmek ve büyüme esnekliğini artırmak amacıyla %118 oranında bedelli sermaye artırımı planladığını duyurdu.",negative,negatif,hard_rights_issue,olumlu dille bedelli sermaye artırımı,hard,positive_like,True,investor_impact,Dil olumlu olsa da hissedar seyrelmesi yaratan bedelli sermaye artırımı yatırımcı açısından negatiftir.,PHRASE-0496,hard,olumlu dille bedelli sermaye artırımı,positive,pozitif,0.006399,0.270649,0.722951,False
"Delta Yatırım Holding, bilanço esnekliğini korumak ve nakit yönetimini desteklemek amacıyla 908 milyon TL ek kısa vadeli kredi kullandı; net borç/FAVÖK oranı 1,4x seviyesinden 2,9x seviyesine yükseldi.",negative,negatif,hard_liquidity_pressure,olumlu dille likidite baskısı,hard,positive_like,True,investor_impact,Dil yapısı olumlu görünse de artan kısa vadeli borç ve kötüleşen kaldıraç oranı yatırımcı açısından negatiftir.,PHRASE-0497,hard,olumlu dille likidite baskısı,positive,pozitif,0.002866,0.179371,0.817764,False
"Kuzey Madencilik, bilanço esnekliğini korumak ve nakit yönetimini desteklemek amacıyla 494 milyon TL ek kısa vadeli kredi kullandı; net borç/FAVÖK oranı 2,5x seviyesinden 3,7x seviyesine yükseldi.",negative,negatif,hard_liquidity_pressure,olumlu dille likidite baskısı,hard,positive_like,True,investor_impact,Dil yapısı olumlu görünse de artan kısa vadeli borç ve kötüleşen kaldıraç oranı yatırımcı açısından negatiftir.,PHRASE-0500,hard,olumlu dille likidite baskısı,positive,pozitif,0.002225,0.098121,0.899653,False
"Eksen Teknoloji, mevcut kredi limitini 9 ay benzer vade ve maliyet koşullarıyla yenilediğini ve işlem nedeniyle kârlılık beklentilerinde değişiklik olmadığını açıkladı.",neutral,nötr,unchanged_financing_rollover,koşulları değişmeyen finansman yenilemesi,nuanced,neutral_like,False,investor_impact,Yeni değer yaratan veya bozan bir unsur içermeyen finansman yenilemesi neutral etiketlenir.,PHRASE-0501,nüanslı,koşulları değişmeyen finansman yenilemesi,positive,pozitif,0.005968,0.327883,0.666148,False
"Lima Gayrimenkul, İtalya pazarında 1.017 milyon TL tutarında 3 yıllık satış sözleşmesi imzaladı; anlaşmanın gelecek 12 ay gelirlerine doğrudan katkı sağlaması bekleniyor.",positive,pozitif,clear_contract_gain,açık sözleşme kazanımı,clear,positive_like,False,investor_impact,Somut büyüklüğü olan yeni sözleşme yatırımcı açısından açık pozitif kabul edilir.,PHRASE-0505,açık,açık sözleşme kazanımı,neutral,nötr,0.003305,0.617255,0.37944,False
"Rota Cam, 2025 yıl sonu sonrasında bilanço dayanıklılığını korumak amacıyla bu yıl temettü dağıtmayacağını ve yatırım harcamalarının bir bölümünü sonraki döneme kaydıracağını duyurdu.",negative,negatif,hard_dividend_cut,olumlu dille temettü iptali,hard,positive_like,True,investor_impact,Koruyucu dil kullanılmasına rağmen temettü iptali ve harcama ertelemesi yatırımcı açısından negatiftir.,PHRASE-0509,hard,olumlu dille temettü iptali,neutral,nötr,0.007503,0.974529,0.017968,False
"Delta Yatırım Holding, sermaye yapısını güçlendirmek ve büyüme esnekliğini artırmak amacıyla %168 oranında bedelli sermaye artırımı planladığını duyurdu.",negative,negatif,hard_rights_issue,olumlu dille bedelli sermaye artırımı,hard,positive_like,True,investor_impact,Dil olumlu olsa da hissedar seyrelmesi yaratan bedelli sermaye artırımı yatırımcı açısından negatiftir.,PHRASE-0510,hard,olumlu dille bedelli sermaye artırımı,positive,pozitif,0.006664,0.273331,0.720005,False
"Orion Otomotiv, 2026 ilk çeyrek sonrasında bilanço dayanıklılığını korumak amacıyla bu yıl temettü dağıtmayacağını ve yatırım harcamalarının bir bölümünü sonraki döneme kaydıracağını duyurdu.",negative,negatif,hard_dividend_cut,olumlu dille temettü iptali,hard,positive_like,True,investor_impact,Koruyucu dil kullanılmasına rağmen temettü iptali ve harcama ertelemesi yatırımcı açısından negatiftir.,PHRASE-0511,hard,olumlu dille temettü iptali,neutral,nötr,0.008015,0.973011,0.018974,False
"Delta Yatırım Holding, bilanço esnekliğini korumak ve nakit yönetimini desteklemek amacıyla 1.185 milyon TL ek kısa vadeli kredi kullandı; net borç/FAVÖK oranı 1,8x seviyesinden 3,1x seviyesine yükseldi.",negative,negatif,hard_liquidity_pressure,olumlu dille likidite baskısı,hard,positive_like,True,investor_impact,Dil yapısı olumlu görünse de artan kısa vadeli borç ve kötüleşen kaldıraç oranı yatırımcı açısından negatiftir.,PHRASE-0512,hard,olumlu dille likidite baskısı,positive,pozitif,0.002691,0.11858,0.878729,False
"Formel Kimya, Mısır pazarında 549 milyon TL tutarında 5 yıllık satış sözleşmesi imzaladı; anlaşmanın gelecek 12 ay gelirlerine doğrudan katkı sağlaması bekleniyor.",positive,pozitif,clear_contract_gain,açık sözleşme kazanımı,clear,positive_like,False,investor_impact,Somut büyüklüğü olan yeni sözleşme yatırımcı açısından açık pozitif kabul edilir.,PHRASE-0515,açık,açık sözleşme kazanımı,neutral,nötr,0.003216,0.526808,0.469976,False
"Aksa Enerji, 2025 üçüncü çeyrek sonrasında bilanço dayanıklılığını korumak amacıyla bu yıl temettü dağıtmayacağını ve yatırım harcamalarının bir bölümünü sonraki döneme kaydıracağını duyurdu.",negative,negatif,hard_dividend_cut,olumlu dille temettü iptali,hard,positive_like,True,investor_impact,Koruyucu dil kullanılmasına rağmen temettü iptali ve harcama ertelemesi yatırımcı açısından negatiftir.,PHRASE-0518,hard,olumlu dille temettü iptali,neutral,nötr,0.006907,0.975865,0.017229,False
"Anatolia Gıda, Polonya pazarında 275 milyon TL tutarında 4 yıllık satış sözleşmesi imzaladı; anlaşmanın gelecek 12 ay gelirlerine doğrudan katkı sağlaması bekleniyor.",positive,pozitif,clear_contract_gain,açık sözleşme kazanımı,clear,positive_like,False,investor_impact,Somut büyüklüğü olan yeni sözleşme yatırımcı açısından açık pozitif kabul edilir.,PHRASE-0519,açık,açık sözleşme kazanımı,neutral,nötr,0.003349,0.534209,0.462442,False
"Eksen Teknoloji, 2026 ilk çeyrek sonrasında bilanço dayanıklılığını korumak amacıyla bu yıl temettü dağıtmayacağını ve yatırım harcamalarının bir bölümünü sonraki döneme kaydıracağını duyurdu.",negative,negatif,hard_dividend_cut,olumlu dille temettü iptali,hard,positive_like,True,investor_impact,Koruyucu dil kullanılmasına rağmen temettü iptali ve harcama ertelemesi yatırımcı açısından negatiftir.,PHRASE-0520,hard,olumlu dille temettü iptali,neutral,nötr,0.006925,0.968318,0.024757,False
"Nova Sağlık, hisse başına 0,99 TL nakit temettü dağıtacağını ve 656 milyon TL tutarında pay geri alım programı başlatacağını açıkladı.",positive,pozitif,clear_shareholder_return,açık hissedar getirisi,clear,positive_like,False,investor_impact,Temettü ve geri alım birlikte yatırımcı açısından açık pozitif değer sinyali üretir.,PHRASE-0521,açık,açık hissedar getirisi,neutral,nötr,0.006084,0.94483,0.049086,False
"Formel Kimya, portföy sadeleştirme programı kapsamında 156 milyon TL stok ve varlık değer düşüklüğü gideri kaydettiğini açıkladı.",negative,negatif,hard_inventory_writeoff,olumlu dille değer düşüklüğü,hard,positive_like,True,investor_impact,Portföy sadeleştirme dili olumlu görünse de değer düşüklüğü gideri yatırımcı açısından negatiftir.,PHRASE-0523,hard,olumlu dille değer düşüklüğü,neutral,nötr,0.243595,0.630728,0.125677,False
"Lima Gayrimenkul, bilanço esnekliğini korumak ve nakit yönetimini desteklemek amacıyla 535 milyon TL ek kısa vadeli kredi kullandı; net borç/FAVÖK oranı 2,8x seviyesinden 3,8x seviyesine yükseldi.",negative,negatif,hard_liquidity_pressure,olumlu dille likidite baskısı,hard,positive_like,True,investor_impact,Dil yapısı olumlu görünse de artan kısa vadeli borç ve kötüleşen kaldıraç oranı yatırımcı açısından negatiftir.,PHRASE-0530,hard,olumlu dille likidite baskısı,positive,pozitif,0.002799,0.15177,0.845431,False
"Lima Gayrimenkul, bilanço esnekliğini korumak ve nakit yönetimini desteklemek amacıyla 658 milyon TL ek kısa vadeli kredi kullandı; net borç/FAVÖK oranı 1,4x seviyesinden 2,1x seviyesine yükseldi.",negative,negatif,hard_liquidity_pressure,olumlu dille likidite baskısı,hard,positive_like,True,investor_impact,Dil yapısı olumlu görünse de artan kısa vadeli borç ve kötüleşen kaldıraç oranı yatırımcı açısından negatiftir.,PHRASE-0533,hard,olumlu dille likidite baskısı,positive,pozitif,0.002858,0.188717,0.808425,False
"Pera Yazılım, 2026 ilk yarı sonrasında bilanço dayanıklılığını korumak amacıyla bu yıl temettü dağıtmayacağını ve yatırım harcamalarının bir bölümünü sonraki döneme kaydıracağını duyurdu.",negative,negatif,hard_dividend_cut,olumlu dille temettü iptali,hard,positive_like,True,investor_impact,Koruyucu dil kullanılmasına rağmen temettü iptali ve harcama ertelemesi yatırımcı açısından negatiftir.,PHRASE-0534,hard,olumlu dille temettü iptali,neutral,nötr,0.007597,0.972894,0.019509,False
"Delta Yatırım Holding, portföy verimliliğini artırma süreci kapsamında Polonya pazarındaki 631 milyon TL tutarındaki ana dağıtım sözleşmesinin yenilenmediğini ve sipariş akışında zayıflama beklediğini açıkladı.",negative,negatif,hard_contract_loss,olumlu dille sözleşme kaybı,hard,positive_like,True,investor_impact,Yeniden dengeleme dili olumlu görünse de önemli sözleşme kaybı yatırımcı açısından negatiftir.,PHRASE-0538,hard,olumlu dille sözleşme kaybı,neutral,nötr,0.380172,0.601536,0.018292,False
"Delta Yatırım Holding, portföy sadeleştirme programı kapsamında 288 milyon TL stok ve varlık değer düşüklüğü gideri kaydettiğini açıkladı.",negative,negatif,hard_inventory_writeoff,olumlu dille değer düşüklüğü,hard,positive_like,True,investor_impact,Portföy sadeleştirme dili olumlu görünse de değer düşüklüğü gideri yatırımcı açısından negatiftir.,PHRASE-0542,hard,olumlu dille değer düşüklüğü,neutral,nötr,0.409074,0.503806,0.08712,False
"Pera Yazılım, hisse başına 4,49 TL nakit temettü dağıtacağını ve 611 milyon TL tutarında pay geri alım programı başlatacağını açıkladı.",positive,pozitif,clear_shareholder_return,açık hissedar getirisi,clear,positive_like,False,investor_impact,Temettü ve geri alım birlikte yatırımcı açısından açık pozitif değer sinyali üretir.,PHRASE-0543,açık,açık hissedar getirisi,neutral,nötr,0.0057,0.944416,0.049884,False
"Hedef Savunma, mevcut kredi limitini 18 ay benzer vade ve maliyet koşullarıyla yenilediğini ve işlem nedeniyle kârlılık beklentilerinde değişiklik olmadığını açıkladı.",neutral,nötr,unchanged_financing_rollover,koşulları değişmeyen finansman yenilemesi,nuanced,neutral_like,False,investor_impact,Yeni değer yaratan veya bozan bir unsur içermeyen finansman yenilemesi neutral etiketlenir.,PHRASE-0565,nüanslı,koşulları değişmeyen finansman yenilemesi,positive,pozitif,0.005923,0.456922,0.537155,False
"Nova Sağlık, portföy sadeleştirme programı kapsamında 368 milyon TL stok ve varlık değer düşüklüğü gideri kaydettiğini açıkladı.",negative,negatif,hard_inventory_writeoff,olumlu dille değer düşüklüğü,hard,positive_like,True,investor_impact,Portföy sadeleştirme dili olumlu görünse de değer düşüklüğü gideri yatırımcı açısından negatiftir.,PHRASE-0567,hard,olumlu dille değer düşüklüğü,neutral,nötr,0.334709,0.554148,0.111143,False
"Sera Ambalaj, Romanya pazarında 1.313 milyon TL tutarında 2 yıllık satış sözleşmesi imzaladı; anlaşmanın gelecek 12 ay gelirlerine doğrudan katkı sağlaması bekleniyor.",positive,pozitif,clear_contract_gain,açık sözleşme kazanımı,clear,positive_like,False,investor_impact,Somut büyüklüğü olan yeni sözleşme yatırımcı açısından açık pozitif kabul edilir.,PHRASE-0569,açık,açık sözleşme kazanımı,neutral,nötr,0.003552,0.498416,0.498032,False
"Kuzey Madencilik, bilanço esnekliğini korumak ve nakit yönetimini desteklemek amacıyla 1.496 milyon TL ek kısa vadeli kredi kullandı; net borç/FAVÖK oranı 2,2x seviyesinden 2,9x seviyesine yükseldi.",negative,negatif,hard_liquidity_pressure,olumlu dille likidite baskısı,hard,positive_like,True,investor_impact,Dil yapısı olumlu görünse de artan kısa vadeli borç ve kötüleşen kaldıraç oranı yatırımcı açısından negatiftir.,PHRASE-0570,hard,olumlu dille likidite baskısı,positive,pozitif,0.00246,0.121361,0.87618,False
"Orion Otomotiv, portföy sadeleştirme programı kapsamında 248 milyon TL stok ve varlık değer düşüklüğü gideri kaydettiğini açıkladı.",negative,negatif,hard_inventory_writeoff,olumlu dille değer düşüklüğü,hard,positive_like,True,investor_impact,Portföy sadeleştirme dili olumlu görünse de değer düşüklüğü gideri yatırımcı açısından negatiftir.,PHRASE-0573,hard,olumlu dille değer düşüklüğü,neutral,nötr,0.376171,0.50773,0.116099,False
"Sera Ambalaj, Almanya pazarında 437 milyon TL tutarında 2 yıllık satış sözleşmesi imzaladı; anlaşmanın gelecek 12 ay gelirlerine doğrudan katkı sağlaması bekleniyor.",positive,pozitif,clear_contract_gain,açık sözleşme kazanımı,clear,positive_like,False,investor_impact,Somut büyüklüğü olan yeni sözleşme yatırımcı açısından açık pozitif kabul edilir.,PHRASE-0577,açık,açık sözleşme kazanımı,neutral,nötr,0.003352,0.520532,0.476116,False
"Güney Perakende, portföy verimliliğini artırma süreci kapsamında Polonya pazarındaki 188 milyon TL tutarındaki ana dağıtım sözleşmesinin yenilenmediğini ve sipariş akışında zayıflama beklediğini açıkladı.",negative,negatif,hard_contract_loss,olumlu dille sözleşme kaybı,hard,positive_like,True,investor_impact,Yeniden dengeleme dili olumlu görünse de önemli sözleşme kaybı yatırımcı açısından negatiftir.,PHRASE-0578,hard,olumlu dille sözleşme kaybı,neutral,nötr,0.473367,0.513871,0.012761,False
"Bora Lojistik, portföy sadeleştirme programı kapsamında 80 milyon TL stok ve varlık değer düşüklüğü gideri kaydettiğini açıkladı.",negative,negatif,hard_inventory_writeoff,olumlu dille değer düşüklüğü,hard,positive_like,True,investor_impact,Portföy sadeleştirme dili olumlu görünse de değer düşüklüğü gideri yatırımcı açısından negatiftir.,PHRASE-0579,hard,olumlu dille değer düşüklüğü,neutral,nötr,0.217252,0.577867,0.204881,False
"Kuzey Madencilik, portföy sadeleştirme programı kapsamında 143 milyon TL stok ve varlık değer düşüklüğü gideri kaydettiğini açıkladı.",negative,negatif,hard_inventory_writeoff,olumlu dille değer düşüklüğü,hard,positive_like,True,investor_impact,Portföy sadeleştirme dili olumlu görünse de değer düşüklüğü gideri yatırımcı açısından negatiftir.,PHRASE-0584,hard,olumlu dille değer düşüklüğü,neutral,nötr,0.348477,0.563453,0.088069,False
"Eksen Teknoloji, hisse başına 3,05 TL nakit temettü dağıtacağını ve 388 milyon TL tutarında pay geri alım programı başlatacağını açıkladı.",positive,pozitif,clear_shareholder_return,açık hissedar getirisi,clear,positive_like,False,investor_impact,Temettü ve geri alım birlikte yatırımcı açısından açık pozitif değer sinyali üretir.,PHRASE-0589,açık,açık hissedar getirisi,neutral,nötr,0.006144,0.921019,0.072837,False
"Lima Gayrimenkul, hisse başına 1,17 TL nakit temettü dağıtacağını ve 895 milyon TL tutarında pay geri alım programı başlatacağını açıkladı.",positive,pozitif,clear_shareholder_return,açık hissedar getirisi,clear,positive_like,False,investor_impact,Temettü ve geri alım birlikte yatırımcı açısından açık pozitif değer sinyali üretir.,PHRASE-0590,açık,açık hissedar getirisi,neutral,nötr,0.005716,0.946985,0.047299,False
"Aksa Enerji, portföy sadeleştirme programı kapsamında 83 milyon TL stok ve varlık değer düşüklüğü gideri kaydettiğini açıkladı.",negative,negatif,hard_inventory_writeoff,olumlu dille değer düşüklüğü,hard,positive_like,True,investor_impact,Portföy sadeleştirme dili olumlu görünse de değer düşüklüğü gideri yatırımcı açısından negatiftir.,PHRASE-0591,hard,olumlu dille değer düşüklüğü,neutral,nötr,0.171676,0.68538,0.142944,False
"Bora Lojistik, portföy sadeleştirme programı kapsamında 218 milyon TL stok ve varlık değer düşüklüğü gideri kaydettiğini açıkladı.",negative,negatif,hard_inventory_writeoff,olumlu dille değer düşüklüğü,hard,positive_like,True,investor_impact,Portföy sadeleştirme dili olumlu görünse de değer düşüklüğü gideri yatırımcı açısından negatiftir.,PHRASE-0593,hard,olumlu dille değer düşüklüğü,neutral,nötr,0.254488,0.590126,0.155386,False
"Trend Tarım, bilanço esnekliğini korumak ve nakit yönetimini desteklemek amacıyla 967 milyon TL ek kısa vadeli kredi kullandı; net borç/FAVÖK oranı 1,8x seviyesinden 2,8x seviyesine yükseldi.",negative,negatif,hard_liquidity_pressure,olumlu dille likidite baskısı,hard,positive_like,True,investor_impact,Dil yapısı olumlu görünse de artan kısa vadeli borç ve kötüleşen kaldıraç oranı yatırımcı açısından negatiftir.,PHRASE-0595,hard,olumlu dille likidite baskısı,positive,pozitif,0.002926,0.147309,0.849766,False
"Hedef Savunma, mevcut kredi limitini 9 ay benzer vade ve maliyet koşullarıyla yenilediğini ve işlem nedeniyle kârlılık beklentilerinde değişiklik olmadığını açıkladı.",neutral,nötr,unchanged_financing_rollover,koşulları değişmeyen finansman yenilemesi,nuanced,neutral_like,False,investor_impact,Yeni değer yaratan veya bozan bir unsur içermeyen finansman yenilemesi neutral etiketlenir.,PHRASE-0596,nüanslı,koşulları değişmeyen finansman yenilemesi,positive,pozitif,0.006119,0.477713,0.516168,False
"Hedef Savunma, hisse başına 2,88 TL nakit temettü dağıtacağını ve 689 milyon TL tutarında pay geri alım programı başlatacağını açıkladı.",positive,pozitif,clear_shareholder_return,açık hissedar getirisi,clear,positive_like,False,investor_impact,Temettü ve geri alım birlikte yatırımcı açısından açık pozitif değer sinyali üretir.,PHRASE-0598,açık,açık hissedar getirisi,neutral,nötr,0.005519,0.942032,0.052449,False
"Sera Ambalaj, bilanço esnekliğini korumak ve nakit yönetimini desteklemek amacıyla 1.500 milyon TL ek kısa vadeli kredi kullandı; net borç/FAVÖK oranı 1,8x seviyesinden 3,0x seviyesine yükseldi.",negative,negatif,hard_liquidity_pressure,olumlu dille likidite baskısı,hard,positive_like,True,investor_impact,Dil yapısı olumlu görünse de artan kısa vadeli borç ve kötüleşen kaldıraç oranı yatırımcı açısından negatiftir.,PHRASE-0599,hard,olumlu dille likidite baskısı,positive,pozitif,0.002578,0.127169,0.870254,False
"Hedef Savunma, sermaye yapısını güçlendirmek ve büyüme esnekliğini artırmak amacıyla %77 oranında bedelli sermaye artırımı planladığını duyurdu.",negative,negatif,hard_rights_issue,olumlu dille bedelli sermaye artırımı,hard,positive_like,True,investor_impact,Dil olumlu olsa da hissedar seyrelmesi yaratan bedelli sermaye artırımı yatırımcı açısından negatiftir.,PHRASE-0600,hard,olumlu dille bedelli sermaye artırımı,positive,pozitif,0.006015,0.164443,0.829542,False
"Güney Perakende, İtalya pazarında 1.083 milyon TL tutarında 2 yıllık satış sözleşmesi imzaladı; anlaşmanın gelecek 12 ay gelirlerine doğrudan katkı sağlaması bekleniyor.",positive,pozitif,clear_contract_gain,açık sözleşme kazanımı,clear,positive_like,False,investor_impact,Somut büyüklüğü olan yeni sözleşme yatırımcı açısından açık pozitif kabul edilir.,PHRASE-0602,açık,açık sözleşme kazanımı,neutral,nötr,0.003362,0.659936,0.336702,False
"Aksa Enerji, mevcut kredi limitini 18 ay benzer vade ve maliyet koşullarıyla yenilediğini ve işlem nedeniyle kârlılık beklentilerinde değişiklik olmadığını açıkladı.",neutral,nötr,unchanged_financing_rollover,koşulları değişmeyen finansman yenilemesi,nuanced,neutral_like,False,investor_impact,Yeni değer yaratan veya bozan bir unsur içermeyen finansman yenilemesi neutral etiketlenir.,PHRASE-0604,nüanslı,koşulları değişmeyen finansman yenilemesi,positive,pozitif,0.005898,0.461146,0.532957,False
"Hedef Savunma, portföy sadeleştirme programı kapsamında 106 milyon TL stok ve varlık değer düşüklüğü gideri kaydettiğini açıkladı.",negative,negatif,hard_inventory_writeoff,olumlu dille değer düşüklüğü,hard,positive_like,True,investor_impact,Portföy sadeleştirme dili olumlu görünse de değer düşüklüğü gideri yatırımcı açısından negatiftir.,PHRASE-0608,hard,olumlu dille değer düşüklüğü,neutral,nötr,0.113946,0.729099,0.156955,False
"Hedef Savunma, 2025 ikinci çeyrek sonrasında bilanço dayanıklılığını korumak amacıyla bu yıl temettü dağıtmayacağını ve yatırım harcamalarının bir bölümünü sonraki döneme kaydıracağını duyurdu.",negative,negatif,hard_dividend_cut,olumlu dille temettü iptali,hard,positive_like,True,investor_impact,Koruyucu dil kullanılmasına rağmen temettü iptali ve harcama ertelemesi yatırımcı açısından negatiftir.,PHRASE-0609,hard,olumlu dille temettü iptali,neutral,nötr,0.006025,0.974614,0.019361,False
"Kuzey Madencilik, portföy verimliliğini artırma süreci kapsamında Mısır pazarındaki 1.373 milyon TL tutarındaki ana dağıtım sözleşmesinin yenilenmediğini ve sipariş akışında zayıflama beklediğini açıkladı.",negative,negatif,hard_contract_loss,olumlu dille sözleşme kaybı,hard,positive_like,True,investor_impact,Yeniden dengeleme dili olumlu görünse de önemli sözleşme kaybı yatırımcı açısından negatiftir.,PHRASE-0615,hard,olumlu dille sözleşme kaybı,neutral,nötr,0.395623,0.586901,0.017476,False
"Lima Gayrimenkul, bilanço esnekliğini korumak ve nakit yönetimini desteklemek amacıyla 1.016 milyon TL ek kısa vadeli kredi kullandı; net borç/FAVÖK oranı 2,7x seviyesinden 4,1x seviyesine yükseldi.",negative,negatif,hard_liquidity_pressure,olumlu dille likidite baskısı,hard,positive_like,True,investor_impact,Dil yapısı olumlu görünse de artan kısa vadeli borç ve kötüleşen kaldıraç oranı yatırımcı açısından negatiftir.,PHRASE-0617,hard,olumlu dille likidite baskısı,positive,pozitif,0.002707,0.150007,0.847286,False
"Pera Yazılım, mevcut kredi limitini 24 ay benzer vade ve maliyet koşullarıyla yenilediğini ve işlem nedeniyle kârlılık beklentilerinde değişiklik olmadığını açıkladı.",neutral,nötr,unchanged_financing_rollover,koşulları değişmeyen finansman yenilemesi,nuanced,neutral_like,False,investor_impact,Yeni değer yaratan veya bozan bir unsur içermeyen finansman yenilemesi neutral etiketlenir.,PHRASE-0619,nüanslı,koşulları değişmeyen finansman yenilemesi,positive,pozitif,0.006046,0.430125,0.563828,False
"Formel Kimya, hisse başına 4,22 TL nakit temettü dağıtacağını ve 601 milyon TL tutarında pay geri alım programı başlatacağını açıkladı.",positive,pozitif,clear_shareholder_return,açık hissedar getirisi,clear,positive_like,False,investor_impact,Temettü ve geri alım birlikte yatırımcı açısından açık pozitif değer sinyali üretir.,PHRASE-0620,açık,açık hissedar getirisi,neutral,nötr,0.005331,0.949,0.045669,False
"Formel Kimya, bilanço esnekliğini korumak ve nakit yönetimini desteklemek amacıyla 1.410 milyon TL ek kısa vadeli kredi kullandı; net borç/FAVÖK oranı 2,7x seviyesinden 4,0x seviyesine yükseldi.",negative,negatif,hard_liquidity_pressure,olumlu dille likidite baskısı,hard,positive_like,True,investor_impact,Dil yapısı olumlu görünse de artan kısa vadeli borç ve kötüleşen kaldıraç oranı yatırımcı açısından negatiftir.,PHRASE-0623,hard,olumlu dille likidite baskısı,positive,pozitif,0.002706,0.166204,0.83109,False
"Aksa Enerji, mevcut kredi limitini 12 ay benzer vade ve maliyet koşullarıyla yenilediğini ve işlem nedeniyle kârlılık beklentilerinde değişiklik olmadığını açıkladı.",neutral,nötr,unchanged_financing_rollover,koşulları değişmeyen finansman yenilemesi,nuanced,neutral_like,False,investor_impact,Yeni değer yaratan veya bozan bir unsur içermeyen finansman yenilemesi neutral etiketlenir.,PHRASE-0627,nüanslı,koşulları değişmeyen finansman yenilemesi,positive,pozitif,0.005834,0.437355,0.556811,False
"Eksen Teknoloji, mevcut kredi limitini 24 ay benzer vade ve maliyet koşullarıyla yenilediğini ve işlem nedeniyle kârlılık beklentilerinde değişiklik olmadığını açıkladı.",neutral,nötr,unchanged_financing_rollover,koşulları değişmeyen finansman yenilemesi,nuanced,neutral_like,False,investor_impact,Yeni değer yaratan veya bozan bir unsur içermeyen finansman yenilemesi neutral etiketlenir.,PHRASE-0633,nüanslı,koşulları değişmeyen finansman yenilemesi,positive,pozitif,0.005708,0.315449,0.678843,False
"Bora Lojistik, sermaye yapısını güçlendirmek ve büyüme esnekliğini artırmak amacıyla %164 oranında bedelli sermaye artırımı planladığını duyurdu.",negative,negatif,hard_rights_issue,olumlu dille bedelli sermaye artırımı,hard,positive_like,True,investor_impact,Dil olumlu olsa da hissedar seyrelmesi yaratan bedelli sermaye artırımı yatırımcı açısından negatiftir.,PHRASE-0634,hard,olumlu dille bedelli sermaye artırımı,positive,pozitif,0.006005,0.163597,0.830398,False
"Anatolia Gıda, portföy sadeleştirme programı kapsamında 151 milyon TL stok ve varlık değer düşüklüğü gideri kaydettiğini açıkladı.",negative,negatif,hard_inventory_writeoff,olumlu dille değer düşüklüğü,hard,positive_like,True,investor_impact,Portföy sadeleştirme dili olumlu görünse de değer düşüklüğü gideri yatırımcı açısından negatiftir.,PHRASE-0635,hard,olumlu dille değer düşüklüğü,neutral,nötr,0.312824,0.583713,0.103463,False
"Rota Cam, 2025 ikinci çeyrek sonrasında bilanço dayanıklılığını korumak amacıyla bu yıl temettü dağıtmayacağını ve yatırım harcamalarının bir bölümünü sonraki döneme kaydıracağını duyurdu.",negative,negatif,hard_dividend_cut,olumlu dille temettü iptali,hard,positive_like,True,investor_impact,Koruyucu dil kullanılmasına rağmen temettü iptali ve harcama ertelemesi yatırımcı açısından negatiftir.,PHRASE-0636,hard,olumlu dille temettü iptali,neutral,nötr,0.007073,0.973277,0.01965,False
"Nova Sağlık, bilanço esnekliğini korumak ve nakit yönetimini desteklemek amacıyla 1.205 milyon TL ek kısa vadeli kredi kullandı; net borç/FAVÖK oranı 1,7x seviyesinden 2,4x seviyesine yükseldi.",negative,negatif,hard_liquidity_pressure,olumlu dille likidite baskısı,hard,positive_like,True,investor_impact,Dil yapısı olumlu görünse de artan kısa vadeli borç ve kötüleşen kaldıraç oranı yatırımcı açısından negatiftir.,PHRASE-0637,hard,olumlu dille likidite baskısı,positive,pozitif,0.002637,0.11802,0.879342,False
"Nova Sağlık, bilanço esnekliğini korumak ve nakit yönetimini desteklemek amacıyla 613 milyon TL ek kısa vadeli kredi kullandı; net borç/FAVÖK oranı 2,3x seviyesinden 3,5x seviyesine yükseldi.",negative,negatif,hard_liquidity_pressure,olumlu dille likidite baskısı,hard,positive_like,True,investor_impact,Dil yapısı olumlu görünse de artan kısa vadeli borç ve kötüleşen kaldıraç oranı yatırımcı açısından negatiftir.,PHRASE-0638,hard,olumlu dille likidite baskısı,positive,pozitif,0.002224,0.092803,0.904973,False
"Nova Sağlık, mevcut kredi limitini 12 ay benzer vade ve maliyet koşullarıyla yenilediğini ve işlem nedeniyle kârlılık beklentilerinde değişiklik olmadığını açıkladı.",neutral,nötr,unchanged_financing_rollover,koşulları değişmeyen finansman yenilemesi,nuanced,neutral_like,False,investor_impact,Yeni değer yaratan veya bozan bir unsur içermeyen finansman yenilemesi neutral etiketlenir.,PHRASE-0640,nüanslı,koşulları değişmeyen finansman yenilemesi,positive,pozitif,0.005884,0.336061,0.658055,False
"Vizyon Telekom, portföy sadeleştirme programı kapsamında 413 milyon TL stok ve varlık değer düşüklüğü gideri kaydettiğini açıkladı.",negative,negatif,hard_inventory_writeoff,olumlu dille değer düşüklüğü,hard,positive_like,True,investor_impact,Portföy sadeleştirme dili olumlu görünse de değer düşüklüğü gideri yatırımcı açısından negatiftir.,PHRASE-0641,hard,olumlu dille değer düşüklüğü,neutral,nötr,0.327439,0.551706,0.120854,False
"Sera Ambalaj, hisse başına 1,89 TL nakit temettü dağıtacağını ve 536 milyon TL tutarında pay geri alım programı başlatacağını açıkladı.",positive,pozitif,clear_shareholder_return,açık hissedar getirisi,clear,positive_like,False,investor_impact,Temettü ve geri alım birlikte yatırımcı açısından açık pozitif değer sinyali üretir.,PHRASE-0642,açık,açık hissedar getirisi,neutral,nötr,0.005877,0.946381,0.047743,False
"Trend Tarım, bilanço esnekliğini korumak ve nakit yönetimini desteklemek amacıyla 890 milyon TL ek kısa vadeli kredi kullandı; net borç/FAVÖK oranı 1,6x seviyesinden 2,6x seviyesine yükseldi.",negative,negatif,hard_liquidity_pressure,olumlu dille likidite baskısı,hard,positive_like,True,investor_impact,Dil yapısı olumlu görünse de artan kısa vadeli borç ve kötüleşen kaldıraç oranı yatırımcı açısından negatiftir.,PHRASE-0643,hard,olumlu dille likidite baskısı,positive,pozitif,0.002568,0.104199,0.893232,False
"Rota Cam, sermaye yapısını güçlendirmek ve büyüme esnekliğini artırmak amacıyla %31 oranında bedelli sermaye artırımı planladığını duyurdu.",negative,negatif,hard_rights_issue,olumlu dille bedelli sermaye artırımı,hard,positive_like,True,investor_impact,Dil olumlu olsa da hissedar seyrelmesi yaratan bedelli sermaye artırımı yatırımcı açısından negatiftir.,PHRASE-0649,hard,olumlu dille bedelli sermaye artırımı,positive,pozitif,0.007532,0.201867,0.790601,False
"Lima Gayrimenkul, portföy sadeleştirme programı kapsamında 228 milyon TL stok ve varlık değer düşüklüğü gideri kaydettiğini açıkladı.",negative,negatif,hard_inventory_writeoff,olumlu dille değer düşüklüğü,hard,positive_like,True,investor_impact,Portföy sadeleştirme dili olumlu görünse de değer düşüklüğü gideri yatırımcı açısından negatiftir.,PHRASE-0655,hard,olumlu dille değer düşüklüğü,neutral,nötr,0.256058,0.655956,0.087986,False
"Mavi Makine, portföy sadeleştirme programı kapsamında 222 milyon TL stok ve varlık değer düşüklüğü gideri kaydettiğini açıkladı.",negative,negatif,hard_inventory_writeoff,olumlu dille değer düşüklüğü,hard,positive_like,True,investor_impact,Portföy sadeleştirme dili olumlu görünse de değer düşüklüğü gideri yatırımcı açısından negatiftir.,PHRASE-0658,hard,olumlu dille değer düşüklüğü,neutral,nötr,0.234622,0.641354,0.124024,False
"Anatolia Gıda, bilanço esnekliğini korumak ve nakit yönetimini desteklemek amacıyla 448 milyon TL ek kısa vadeli kredi kullandı; net borç/FAVÖK oranı 2,3x seviyesinden 3,8x seviyesine yükseldi.",negative,negatif,hard_liquidity_pressure,olumlu dille likidite baskısı,hard,positive_like,True,investor_impact,Dil yapısı olumlu görünse de artan kısa vadeli borç ve kötüleşen kaldıraç oranı yatırımcı açısından negatiftir.,PHRASE-0662,hard,olumlu dille likidite baskısı,positive,pozitif,0.00261,0.12867,0.868719,False
"Nova Sağlık, bilanço esnekliğini korumak ve nakit yönetimini desteklemek amacıyla 991 milyon TL ek kısa vadeli kredi kullandı; net borç/FAVÖK oranı 2,3x seviyesinden 3,1x seviyesine yükseldi.",negative,negatif,hard_liquidity_pressure,olumlu dille likidite baskısı,hard,positive_like,True,investor_impact,Dil yapısı olumlu görünse de artan kısa vadeli borç ve kötüleşen kaldıraç oranı yatırımcı açısından negatiftir.,PHRASE-0663,hard,olumlu dille likidite baskısı,positive,pozitif,0.002405,0.116125,0.88147,False
"Anatolia Gıda, mevcut kredi limitini 6 ay benzer vade ve maliyet koşullarıyla yenilediğini ve işlem nedeniyle kârlılık beklentilerinde değişiklik olmadığını açıkladı.",neutral,nötr,unchanged_financing_rollover,koşulları değişmeyen finansman yenilemesi,nuanced,neutral_like,False,investor_impact,Yeni değer yaratan veya bozan bir unsur içermeyen finansman yenilemesi neutral etiketlenir.,PHRASE-0664,nüanslı,koşulları değişmeyen finansman yenilemesi,positive,pozitif,0.007753,0.451101,0.541146,False
"Pera Yazılım, portföy sadeleştirme programı kapsamında 368 milyon TL stok ve varlık değer düşüklüğü gideri kaydettiğini açıkladı.",negative,negatif,hard_inventory_writeoff,olumlu dille değer düşüklüğü,hard,positive_like,True,investor_impact,Portföy sadeleştirme dili olumlu görünse de değer düşüklüğü gideri yatırımcı açısından negatiftir.,PHRASE-0665,hard,olumlu dille değer düşüklüğü,neutral,nötr,0.238485,0.632694,0.128821,False
"Pera Yazılım, sermaye yapısını güçlendirmek ve büyüme esnekliğini artırmak amacıyla %171 oranında bedelli sermaye artırımı planladığını duyurdu.",negative,negatif,hard_rights_issue,olumlu dille bedelli sermaye artırımı,hard,positive_like,True,investor_impact,Dil olumlu olsa da hissedar seyrelmesi yaratan bedelli sermaye artırımı yatırımcı açısından negatiftir.,PHRASE-0666,hard,olumlu dille bedelli sermaye artırımı,positive,pozitif,0.006266,0.229104,0.76463,False
"Eksen Teknoloji, portföy sadeleştirme programı kapsamında 223 milyon TL stok ve varlık değer düşüklüğü gideri kaydettiğini açıkladı.",negative,negatif,hard_inventory_writeoff,olumlu dille değer düşüklüğü,hard,positive_like,True,investor_impact,Portföy sadeleştirme dili olumlu görünse de değer düşüklüğü gideri yatırımcı açısından negatiftir.,PHRASE-0669,hard,olumlu dille değer düşüklüğü,neutral,nötr,0.203514,0.607071,0.189415,False
"Hedef Savunma, hisse başına 1,01 TL nakit temettü dağıtacağını ve 298 milyon TL tutarında pay geri alım programı başlatacağını açıkladı.",positive,pozitif,clear_shareholder_return,açık hissedar getirisi,clear,positive_like,False,investor_impact,Temettü ve geri alım birlikte yatırımcı açısından açık pozitif değer sinyali üretir.,PHRASE-0671,açık,açık hissedar getirisi,neutral,nötr,0.005702,0.938271,0.056027,False
"Formel Kimya, sermaye yapısını güçlendirmek ve büyüme esnekliğini artırmak amacıyla %124 oranında bedelli sermaye artırımı planladığını duyurdu.",negative,negatif,hard_rights_issue,olumlu dille bedelli sermaye artırımı,hard,positive_like,True,investor_impact,Dil olumlu olsa da hissedar seyrelmesi yaratan bedelli sermaye artırımı yatırımcı açısından negatiftir.,PHRASE-0672,hard,olumlu dille bedelli sermaye artırımı,positive,pozitif,0.006474,0.250358,0.743168,False
"Pera Yazılım, 2025 ikinci çeyrek sonrasında bilanço dayanıklılığını korumak amacıyla bu yıl temettü dağıtmayacağını ve yatırım harcamalarının bir bölümünü sonraki döneme kaydıracağını duyurdu.",negative,negatif,hard_dividend_cut,olumlu dille temettü iptali,hard,positive_like,True,investor_impact,Koruyucu dil kullanılmasına rağmen temettü iptali ve harcama ertelemesi yatırımcı açısından negatiftir.,PHRASE-0673,hard,olumlu dille temettü iptali,neutral,nötr,0.006879,0.972541,0.02058,False
"Rota Cam, bilanço esnekliğini korumak ve nakit yönetimini desteklemek amacıyla 538 milyon TL ek kısa vadeli kredi kullandı; net borç/FAVÖK oranı 2,5x seviyesinden 3,7x seviyesine yükseldi.",negative,negatif,hard_liquidity_pressure,olumlu dille likidite baskısı,hard,positive_like,True,investor_impact,Dil yapısı olumlu görünse de artan kısa vadeli borç ve kötüleşen kaldıraç oranı yatırımcı açısından negatiftir.,PHRASE-0675,hard,olumlu dille likidite baskısı,positive,pozitif,0.002284,0.08885,0.908866,False
"Delta Yatırım Holding, hisse başına 0,56 TL nakit temettü dağıtacağını ve 323 milyon TL tutarında pay geri alım programı başlatacağını açıkladı.",positive,pozitif,clear_shareholder_return,açık hissedar getirisi,clear,positive_like,False,investor_impact,Temettü ve geri alım birlikte yatırımcı açısından açık pozitif değer sinyali üretir.,PHRASE-0683,açık,açık hissedar getirisi,neutral,nötr,0.005926,0.947205,0.046869,False
"Kuzey Madencilik, 2026 ilk çeyrek sonrasında bilanço dayanıklılığını korumak amacıyla bu yıl temettü dağıtmayacağını ve yatırım harcamalarının bir bölümünü sonraki döneme kaydıracağını duyurdu.",negative,negatif,hard_dividend_cut,olumlu dille temettü iptali,hard,positive_like,True,investor_impact,Koruyucu dil kullanılmasına rağmen temettü iptali ve harcama ertelemesi yatırımcı açısından negatiftir.,PHRASE-0684,hard,olumlu dille temettü iptali,neutral,nötr,0.008864,0.97292,0.018216,False
"Güney Perakende, Polonya pazarında 1.049 milyon TL tutarında 2 yıllık satış sözleşmesi imzaladı; anlaşmanın gelecek 12 ay gelirlerine doğrudan katkı sağlaması bekleniyor.",positive,pozitif,clear_contract_gain,açık sözleşme kazanımı,clear,positive_like,False,investor_impact,Somut büyüklüğü olan yeni sözleşme yatırımcı açısından açık pozitif kabul edilir.,PHRASE-0689,açık,açık sözleşme kazanımı,neutral,nötr,0.003348,0.61281,0.383841,False
"Hedef Savunma, sermaye yapısını güçlendirmek ve büyüme esnekliğini artırmak amacıyla %82 oranında bedelli sermaye artırımı planladığını duyurdu.",negative,negatif,hard_rights_issue,olumlu dille bedelli sermaye artırımı,hard,positive_like,True,investor_impact,Dil olumlu olsa da hissedar seyrelmesi yaratan bedelli sermaye artırımı yatırımcı açısından negatiftir.,PHRASE-0699,hard,olumlu dille bedelli sermaye artırımı,positive,pozitif,0.006378,0.184987,0.808636,False
"Vizyon Telekom, portföy sadeleştirme programı kapsamında 393 milyon TL stok ve varlık değer düşüklüğü gideri kaydettiğini açıkladı.",negative,negatif,hard_inventory_writeoff,olumlu dille değer düşüklüğü,hard,positive_like,True,investor_impact,Portföy sadeleştirme dili olumlu görünse de değer düşüklüğü gideri yatırımcı açısından negatiftir.,PHRASE-0703,hard,olumlu dille değer düşüklüğü,neutral,nötr,0.30596,0.573174,0.120866,False
"Eksen Teknoloji, sermaye yapısını güçlendirmek ve büyüme esnekliğini artırmak amacıyla %141 oranında bedelli sermaye artırımı planladığını duyurdu.",negative,negatif,hard_rights_issue,olumlu dille bedelli sermaye artırımı,hard,positive_like,True,investor_impact,Dil olumlu olsa da hissedar seyrelmesi yaratan bedelli sermaye artırımı yatırımcı açısından negatiftir.,PHRASE-0705,hard,olumlu dille bedelli sermaye artırımı,positive,pozitif,0.006134,0.188105,0.805761,False
"Lima Gayrimenkul, portföy verimliliğini artırma süreci kapsamında İtalya pazarındaki 1.085 milyon TL tutarındaki ana dağıtım sözleşmesinin yenilenmediğini ve sipariş akışında zayıflama beklediğini açıkladı.",negative,negatif,hard_contract_loss,olumlu dille sözleşme kaybı,hard,positive_like,True,investor_impact,Yeniden dengeleme dili olumlu görünse de önemli sözleşme kaybı yatırımcı açısından negatiftir.,PHRASE-0707,hard,olumlu dille sözleşme kaybı,neutral,nötr,0.406186,0.578085,0.015729,False
"Formel Kimya, mevcut kredi limitini 12 ay benzer vade ve maliyet koşullarıyla yenilediğini ve işlem nedeniyle kârlılık beklentilerinde değişiklik olmadığını açıkladı.",neutral,nötr,unchanged_financing_rollover,koşulları değişmeyen finansman yenilemesi,nuanced,neutral_like,False,investor_impact,Yeni değer yaratan veya bozan bir unsur içermeyen finansman yenilemesi neutral etiketlenir.,PHRASE-0709,nüanslı,koşulları değişmeyen finansman yenilemesi,positive,pozitif,0.006366,0.48437,0.509263,False
"Trend Tarım, sermaye yapısını güçlendirmek ve büyüme esnekliğini artırmak amacıyla %139 oranında bedelli sermaye artırımı planladığını duyurdu.",negative,negatif,hard_rights_issue,olumlu dille bedelli sermaye artırımı,hard,positive_like,True,investor_impact,Dil olumlu olsa da hissedar seyrelmesi yaratan bedelli sermaye artırımı yatırımcı açısından negatiftir.,PHRASE-0710,hard,olumlu dille bedelli sermaye artırımı,positive,pozitif,0.006318,0.210263,0.783419,False
"Orion Otomotiv, portföy sadeleştirme programı kapsamında 234 milyon TL stok ve varlık değer düşüklüğü gideri kaydettiğini açıkladı.",negative,negatif,hard_inventory_writeoff,olumlu dille değer düşüklüğü,hard,positive_like,True,investor_impact,Portföy sadeleştirme dili olumlu görünse de değer düşüklüğü gideri yatırımcı açısından negatiftir.,PHRASE-0712,hard,olumlu dille değer düşüklüğü,neutral,nötr,0.361713,0.512652,0.125634,False
"Vizyon Telekom, portföy verimliliğini artırma süreci kapsamında İtalya pazarındaki 865 milyon TL tutarındaki ana dağıtım sözleşmesinin yenilenmediğini ve sipariş akışında zayıflama beklediğini açıkladı.",negative,negatif,hard_contract_loss,olumlu dille sözleşme kaybı,hard,positive_like,True,investor_impact,Yeniden dengeleme dili olumlu görünse de önemli sözleşme kaybı yatırımcı açısından negatiftir.,PHRASE-0713,hard,olumlu dille sözleşme kaybı,neutral,nötr,0.485827,0.500634,0.013539,False
"Eksen Teknoloji, hisse başına 1,18 TL nakit temettü dağıtacağını ve 880 milyon TL tutarında pay geri alım programı başlatacağını açıkladı.",positive,pozitif,clear_shareholder_return,açık hissedar getirisi,clear,positive_like,False,investor_impact,Temettü ve geri alım birlikte yatırımcı açısından açık pozitif değer sinyali üretir.,PHRASE-0714,açık,açık hissedar getirisi,neutral,nötr,0.006066,0.938161,0.055773,False
"Delta Yatırım Holding, sermaye yapısını güçlendirmek ve büyüme esnekliğini artırmak amacıyla %60 oranında bedelli sermaye artırımı planladığını duyurdu.",negative,negatif,hard_rights_issue,olumlu dille bedelli sermaye artırımı,hard,positive_like,True,investor_impact,Dil olumlu olsa da hissedar seyrelmesi yaratan bedelli sermaye artırımı yatırımcı açısından negatiftir.,PHRASE-0718,hard,olumlu dille bedelli sermaye artırımı,positive,pozitif,0.006749,0.313659,0.679592,False
"Güney Perakende, portföy sadeleştirme programı kapsamında 416 milyon TL stok ve varlık değer düşüklüğü gideri kaydettiğini açıkladı.",negative,negatif,hard_inventory_writeoff,olumlu dille değer düşüklüğü,hard,positive_like,True,investor_impact,Portföy sadeleştirme dili olumlu görünse de değer düşüklüğü gideri yatırımcı açısından negatiftir.,PHRASE-0726,hard,olumlu dille değer düşüklüğü,neutral,nötr,0.235676,0.638916,0.125408,False
"Nova Sağlık, 2025 ikinci çeyrek sonrasında bilanço dayanıklılığını korumak amacıyla bu yıl temettü dağıtmayacağını ve yatırım harcamalarının bir bölümünü sonraki döneme kaydıracağını duyurdu.",negative,negatif,hard_dividend_cut,olumlu dille temettü iptali,hard,positive_like,True,investor_impact,Koruyucu dil kullanılmasına rağmen temettü iptali ve harcama ertelemesi yatırımcı açısından negatiftir.,PHRASE-0728,hard,olumlu dille temettü iptali,neutral,nötr,0.00782,0.971641,0.02054,False
"Pera Yazılım, portföy sadeleştirme programı kapsamında 333 milyon TL stok ve varlık değer düşüklüğü gideri kaydettiğini açıkladı.",negative,negatif,hard_inventory_writeoff,olumlu dille değer düşüklüğü,hard,positive_like,True,investor_impact,Portföy sadeleştirme dili olumlu görünse de değer düşüklüğü gideri yatırımcı açısından negatiftir.,PHRASE-0729,hard,olumlu dille değer düşüklüğü,neutral,nötr,0.225627,0.644297,0.130076,False
"Nova Sağlık, hisse başına 4,55 TL nakit temettü dağıtacağını ve 800 milyon TL tutarında pay geri alım programı başlatacağını açıkladı.",positive,pozitif,clear_shareholder_return,açık hissedar getirisi,clear,positive_like,False,investor_impact,Temettü ve geri alım birlikte yatırımcı açısından açık pozitif değer sinyali üretir.,PHRASE-0732,açık,açık hissedar getirisi,neutral,nötr,0.006042,0.931797,0.06216,False
"Hedef Savunma, sermaye yapısını güçlendirmek ve büyüme esnekliğini artırmak amacıyla %103 oranında bedelli sermaye artırımı planladığını duyurdu.",negative,negatif,hard_rights_issue,olumlu dille bedelli sermaye artırımı,hard,positive_like,True,investor_impact,Dil olumlu olsa da hissedar seyrelmesi yaratan bedelli sermaye artırımı yatırımcı açısından negatiftir.,PHRASE-0736,hard,olumlu dille bedelli sermaye artırımı,positive,pozitif,0.006518,0.197154,0.796327,False
"Nova Sağlık, bilanço esnekliğini korumak ve nakit yönetimini desteklemek amacıyla 1.497 milyon TL ek kısa vadeli kredi kullandı; net borç/FAVÖK oranı 1,9x seviyesinden 3,1x seviyesine yükseldi.",negative,negatif,hard_liquidity_pressure,olumlu dille likidite baskısı,hard,positive_like,True,investor_impact,Dil yapısı olumlu görünse de artan kısa vadeli borç ve kötüleşen kaldıraç oranı yatırımcı açısından negatiftir.,PHRASE-0741,hard,olumlu dille likidite baskısı,positive,pozitif,0.002406,0.101356,0.896239,False
"Aksa Enerji, hisse başına 2,51 TL nakit temettü dağıtacağını ve 577 milyon TL tutarında pay geri alım programı başlatacağını açıkladı.",positive,pozitif,clear_shareholder_return,açık hissedar getirisi,clear,positive_like,False,investor_impact,Temettü ve geri alım birlikte yatırımcı açısından açık pozitif değer sinyali üretir.,PHRASE-0746,açık,açık hissedar getirisi,neutral,nötr,0.00628,0.928903,0.064817,False
"Delta Yatırım Holding, sermaye yapısını güçlendirmek ve büyüme esnekliğini artırmak amacıyla %139 oranında bedelli sermaye artırımı planladığını duyurdu.",negative,negatif,hard_rights_issue,olumlu dille bedelli sermaye artırımı,hard,positive_like,True,investor_impact,Dil olumlu olsa da hissedar seyrelmesi yaratan bedelli sermaye artırımı yatırımcı açısından negatiftir.,PHRASE-0748,hard,olumlu dille bedelli sermaye artırımı,positive,pozitif,0.006426,0.250866,0.742707,False
"Lima Gayrimenkul, portföy sadeleştirme programı kapsamında 239 milyon TL stok ve varlık değer düşüklüğü gideri kaydettiğini açıkladı.",negative,negatif,hard_inventory_writeoff,olumlu dille değer düşüklüğü,hard,positive_like,True,investor_impact,Portföy sadeleştirme dili olumlu görünse de değer düşüklüğü gideri yatırımcı açısından negatiftir.,PHRASE-0749,hard,olumlu dille değer düşüklüğü,neutral,nötr,0.249239,0.659066,0.091695,False
"Lima Gayrimenkul, hisse başına 0,82 TL nakit temettü dağıtacağını ve 785 milyon TL tutarında pay geri alım programı başlatacağını açıkladı.",positive,pozitif,clear_shareholder_return,açık hissedar getirisi,clear,positive_like,False,investor_impact,Temettü ve geri alım birlikte yatırımcı açısından açık pozitif değer sinyali üretir.,PHRASE-0752,açık,açık hissedar getirisi,neutral,nötr,0.005995,0.945553,0.048452,False
"Bora Lojistik, portföy sadeleştirme programı kapsamında 47 milyon TL stok ve varlık değer düşüklüğü gideri kaydettiğini açıkladı.",negative,negatif,hard_inventory_writeoff,olumlu dille değer düşüklüğü,hard,positive_like,True,investor_impact,Portföy sadeleştirme dili olumlu görünse de değer düşüklüğü gideri yatırımcı açısından negatiftir.,PHRASE-0757,hard,olumlu dille değer düşüklüğü,neutral,nötr,0.209439,0.622628,0.167934,False
"Kuzey Madencilik, portföy verimliliğini artırma süreci kapsamında Mısır pazarındaki 1.409 milyon TL tutarındaki ana dağıtım sözleşmesinin yenilenmediğini ve sipariş akışında zayıflama beklediğini açıkladı.",negative,negatif,hard_contract_loss,olumlu dille sözleşme kaybı,hard,positive_like,True,investor_impact,Yeniden dengeleme dili olumlu görünse de önemli sözleşme kaybı yatırımcı açısından negatiftir.,PHRASE-0759,hard,olumlu dille sözleşme kaybı,neutral,nötr,0.377057,0.605506,0.017438,False
"Trend Tarım, portföy verimliliğini artırma süreci kapsamında Polonya pazarındaki 541 milyon TL tutarındaki ana dağıtım sözleşmesinin yenilenmediğini ve sipariş akışında zayıflama beklediğini açıkladı.",negative,negatif,hard_contract_loss,olumlu dille sözleşme kaybı,hard,positive_like,True,investor_impact,Yeniden dengeleme dili olumlu görünse de önemli sözleşme kaybı yatırımcı açısından negatiftir.,PHRASE-0760,hard,olumlu dille sözleşme kaybı,neutral,nötr,0.439973,0.54687,0.013158,False
"Lima Gayrimenkul, hisse başına 4,07 TL nakit temettü dağıtacağını ve 859 milyon TL tutarında pay geri alım programı başlatacağını açıkladı.",positive,pozitif,clear_shareholder_return,açık hissedar getirisi,clear,positive_like,False,investor_impact,Temettü ve geri alım birlikte yatırımcı açısından açık pozitif değer sinyali üretir.,PHRASE-0766,açık,açık hissedar getirisi,neutral,nötr,0.005819,0.947323,0.046858,False
"Sera Ambalaj, bilanço esnekliğini korumak ve nakit yönetimini desteklemek amacıyla 1.569 milyon TL ek kısa vadeli kredi kullandı; net borç/FAVÖK oranı 2,6x seviyesinden 3,4x seviyesine yükseldi.",negative,negatif,hard_liquidity_pressure,olumlu dille likidite baskısı,hard,positive_like,True,investor_impact,Dil yapısı olumlu görünse de artan kısa vadeli borç ve kötüleşen kaldıraç oranı yatırımcı açısından negatiftir.,PHRASE-0767,hard,olumlu dille likidite baskısı,positive,pozitif,0.002432,0.113514,0.884054,False
"Nova Sağlık, bilanço esnekliğini korumak ve nakit yönetimini desteklemek amacıyla 233 milyon TL ek kısa vadeli kredi kullandı; net borç/FAVÖK oranı 2,1x seviyesinden 2,7x seviyesine yükseldi.",negative,negatif,hard_liquidity_pressure,olumlu dille likidite baskısı,hard,positive_like,True,investor_impact,Dil yapısı olumlu görünse de artan kısa vadeli borç ve kötüleşen kaldıraç oranı yatırımcı açısından negatiftir.,PHRASE-0778,hard,olumlu dille likidite baskısı,positive,pozitif,0.00241,0.127417,0.870173,False
"Orion Otomotiv, mevcut kredi limitini 9 ay benzer vade ve maliyet koşullarıyla yenilediğini ve işlem nedeniyle kârlılık beklentilerinde değişiklik olmadığını açıkladı.",neutral,nötr,unchanged_financing_rollover,koşulları değişmeyen finansman yenilemesi,nuanced,neutral_like,False,investor_impact,Yeni değer yaratan veya bozan bir unsur içermeyen finansman yenilemesi neutral etiketlenir.,PHRASE-0784,nüanslı,koşulları değişmeyen finansman yenilemesi,positive,pozitif,0.006424,0.403213,0.590363,False
"Güney Perakende, hisse başına 3,53 TL nakit temettü dağıtacağını ve 733 milyon TL tutarında pay geri alım programı başlatacağını açıkladı.",positive,pozitif,clear_shareholder_return,açık hissedar getirisi,clear,positive_like,False,investor_impact,Temettü ve geri alım birlikte yatırımcı açısından açık pozitif değer sinyali üretir.,PHRASE-0787,açık,açık hissedar getirisi,neutral,nötr,0.006012,0.94216,0.051828,False
"Orion Otomotiv, 2025 ikinci çeyrek sonrasında bilanço dayanıklılığını korumak amacıyla bu yıl temettü dağıtmayacağını ve yatırım harcamalarının bir bölümünü sonraki döneme kaydıracağını duyurdu.",negative,negatif,hard_dividend_cut,olumlu dille temettü iptali,hard,positive_like,True,investor_impact,Koruyucu dil kullanılmasına rağmen temettü iptali ve harcama ertelemesi yatırımcı açısından negatiftir.,PHRASE-0788,hard,olumlu dille temettü iptali,neutral,nötr,0.007548,0.972342,0.02011,False
"Hedef Savunma, portföy verimliliğini artırma süreci kapsamında Almanya pazarındaki 189 milyon TL tutarındaki ana dağıtım sözleşmesinin yenilenmediğini ve sipariş akışında zayıflama beklediğini açıkladı.",negative,negatif,hard_contract_loss,olumlu dille sözleşme kaybı,hard,positive_like,True,investor_impact,Yeniden dengeleme dili olumlu görünse de önemli sözleşme kaybı yatırımcı açısından negatiftir.,PHRASE-0795,hard,olumlu dille sözleşme kaybı,neutral,nötr,0.359843,0.623885,0.016272,False
"Trend Tarım, 2025 yıl sonu sonrasında bilanço dayanıklılığını korumak amacıyla bu yıl temettü dağıtmayacağını ve yatırım harcamalarının bir bölümünü sonraki döneme kaydıracağını duyurdu.",negative,negatif,hard_dividend_cut,olumlu dille temettü iptali,hard,positive_like,True,investor_impact,Koruyucu dil kullanılmasına rağmen temettü iptali ve harcama ertelemesi yatırımcı açısından negatiftir.,PHRASE-0796,hard,olumlu dille temettü iptali,neutral,nötr,0.00647,0.979373,0.014158,False
"Rota Cam, hisse başına 1,92 TL nakit temettü dağıtacağını ve 877 milyon TL tutarında pay geri alım programı başlatacağını açıkladı.",positive,pozitif,clear_shareholder_return,açık hissedar getirisi,clear,positive_like,False,investor_impact,Temettü ve geri alım birlikte yatırımcı açısından açık pozitif değer sinyali üretir.,PHRASE-0804,açık,açık hissedar getirisi,neutral,nötr,0.006047,0.941097,0.052857,False
"Bora Lojistik, sermaye yapısını güçlendirmek ve büyüme esnekliğini artırmak amacıyla %40 oranında bedelli sermaye artırımı planladığını duyurdu.",negative,negatif,hard_rights_issue,olumlu dille bedelli sermaye artırımı,hard,positive_like,True,investor_impact,Dil olumlu olsa da hissedar seyrelmesi yaratan bedelli sermaye artırımı yatırımcı açısından negatiftir.,PHRASE-0809,hard,olumlu dille bedelli sermaye artırımı,positive,pozitif,0.006403,0.176616,0.816981,False
"Kuzey Madencilik, sermaye yapısını güçlendirmek ve büyüme esnekliğini artırmak amacıyla %145 oranında bedelli sermaye artırımı planladığını duyurdu.",negative,negatif,hard_rights_issue,olumlu dille bedelli sermaye artırımı,hard,positive_like,True,investor_impact,Dil olumlu olsa da hissedar seyrelmesi yaratan bedelli sermaye artırımı yatırımcı açısından negatiftir.,PHRASE-0812,hard,olumlu dille bedelli sermaye artırımı,positive,pozitif,0.005544,0.162529,0.831927,False
"Delta Yatırım Holding, hisse başına 3,44 TL nakit temettü dağıtacağını ve 565 milyon TL tutarında pay geri alım programı başlatacağını açıkladı.",positive,pozitif,clear_shareholder_return,açık hissedar getirisi,clear,positive_like,False,investor_impact,Temettü ve geri alım birlikte yatırımcı açısından açık pozitif değer sinyali üretir.,PHRASE-0813,açık,açık hissedar getirisi,neutral,nötr,0.005594,0.947667,0.046739,False
"Delta Yatırım Holding, sermaye yapısını güçlendirmek ve büyüme esnekliğini artırmak amacıyla %130 oranında bedelli sermaye artırımı planladığını duyurdu.",negative,negatif,hard_rights_issue,olumlu dille bedelli sermaye artırımı,hard,positive_like,True,investor_impact,Dil olumlu olsa da hissedar seyrelmesi yaratan bedelli sermaye artırımı yatırımcı açısından negatiftir.,PHRASE-0816,hard,olumlu dille bedelli sermaye artırımı,positive,pozitif,0.00625,0.289477,0.704272,False
"Lima Gayrimenkul, Romanya pazarında 1.472 milyon TL tutarında 2 yıllık satış sözleşmesi imzaladı; anlaşmanın gelecek 12 ay gelirlerine doğrudan katkı sağlaması bekleniyor.",positive,pozitif,clear_contract_gain,açık sözleşme kazanımı,clear,positive_like,False,investor_impact,Somut büyüklüğü olan yeni sözleşme yatırımcı açısından açık pozitif kabul edilir.,PHRASE-0820,açık,açık sözleşme kazanımı,neutral,nötr,0.003525,0.589628,0.406847,False
"Mavi Makine, bilanço esnekliğini korumak ve nakit yönetimini desteklemek amacıyla 754 milyon TL ek kısa vadeli kredi kullandı; net borç/FAVÖK oranı 2,5x seviyesinden 3,0x seviyesine yükseldi.",negative,negatif,hard_liquidity_pressure,olumlu dille likidite baskısı,hard,positive_like,True,investor_impact,Dil yapısı olumlu görünse de artan kısa vadeli borç ve kötüleşen kaldıraç oranı yatırımcı açısından negatiftir.,PHRASE-0821,hard,olumlu dille likidite baskısı,positive,pozitif,0.002558,0.130539,0.866904,False
"Trend Tarım, portföy sadeleştirme programı kapsamında 278 milyon TL stok ve varlık değer düşüklüğü gideri kaydettiğini açıkladı.",negative,negatif,hard_inventory_writeoff,olumlu dille değer düşüklüğü,hard,positive_like,True,investor_impact,Portföy sadeleştirme dili olumlu görünse de değer düşüklüğü gideri yatırımcı açısından negatiftir.,PHRASE-0824,hard,olumlu dille değer düşüklüğü,neutral,nötr,0.167157,0.698725,0.134118,False
"Nova Sağlık, Birleşik Arap Emirlikleri pazarında 1.052 milyon TL tutarında 4 yıllık satış sözleşmesi imzaladı; anlaşmanın gelecek 12 ay gelirlerine doğrudan katkı sağlaması bekleniyor.",positive,pozitif,clear_contract_gain,açık sözleşme kazanımı,clear,positive_like,False,investor_impact,Somut büyüklüğü olan yeni sözleşme yatırımcı açısından açık pozitif kabul edilir.,PHRASE-0828,açık,açık sözleşme kazanımı,neutral,nötr,0.003219,0.508311,0.48847,False
"Vizyon Telekom, 2025 ikinci çeyrek sonrasında bilanço dayanıklılığını korumak amacıyla bu yıl temettü dağıtmayacağını ve yatırım harcamalarının bir bölümünü sonraki döneme kaydıracağını duyurdu.",negative,negatif,hard_dividend_cut,olumlu dille temettü iptali,hard,positive_like,True,investor_impact,Koruyucu dil kullanılmasına rağmen temettü iptali ve harcama ertelemesi yatırımcı açısından negatiftir.,PHRASE-0830,hard,olumlu dille temettü iptali,neutral,nötr,0.007504,0.977004,0.015492,False
"Nova Sağlık, hisse başına 1,12 TL nakit temettü dağıtacağını ve 646 milyon TL tutarında pay geri alım programı başlatacağını açıkladı.",positive,pozitif,clear_shareholder_return,açık hissedar getirisi,clear,positive_like,False,investor_impact,Temettü ve geri alım birlikte yatırımcı açısından açık pozitif değer sinyali üretir.,PHRASE-0831,açık,açık hissedar getirisi,neutral,nötr,0.00628,0.943505,0.050215,False
"Mavi Makine, portföy verimliliğini artırma süreci kapsamında Almanya pazarındaki 1.495 milyon TL tutarındaki ana dağıtım sözleşmesinin yenilenmediğini ve sipariş akışında zayıflama beklediğini açıkladı.",negative,negatif,hard_contract_loss,olumlu dille sözleşme kaybı,hard,positive_like,True,investor_impact,Yeniden dengeleme dili olumlu görünse de önemli sözleşme kaybı yatırımcı açısından negatiftir.,PHRASE-0832,hard,olumlu dille sözleşme kaybı,neutral,nötr,0.352389,0.627341,0.02027,False
"Hedef Savunma, sermaye yapısını güçlendirmek ve büyüme esnekliğini artırmak amacıyla %66 oranında bedelli sermaye artırımı planladığını duyurdu.",negative,negatif,hard_rights_issue,olumlu dille bedelli sermaye artırımı,hard,positive_like,True,investor_impact,Dil olumlu olsa da hissedar seyrelmesi yaratan bedelli sermaye artırımı yatırımcı açısından negatiftir.,PHRASE-0835,hard,olumlu dille bedelli sermaye artırımı,positive,pozitif,0.006958,0.212311,0.78073,False
"Nova Sağlık, 2025 yıl sonu sonrasında bilanço dayanıklılığını korumak amacıyla bu yıl temettü dağıtmayacağını ve yatırım harcamalarının bir bölümünü sonraki döneme kaydıracağını duyurdu.",negative,negatif,hard_dividend_cut,olumlu dille temettü iptali,hard,positive_like,True,investor_impact,Koruyucu dil kullanılmasına rağmen temettü iptali ve harcama ertelemesi yatırımcı açısından negatiftir.,PHRASE-0836,hard,olumlu dille temettü iptali,neutral,nötr,0.00828,0.973221,0.018498,False
"Pera Yazılım, mevcut kredi limitini 9 ay benzer vade ve maliyet koşullarıyla yenilediğini ve işlem nedeniyle kârlılık beklentilerinde değişiklik olmadığını açıkladı.",neutral,nötr,unchanged_financing_rollover,koşulları değişmeyen finansman yenilemesi,nuanced,neutral_like,False,investor_impact,Yeni değer yaratan veya bozan bir unsur içermeyen finansman yenilemesi neutral etiketlenir.,PHRASE-0839,nüanslı,koşulları değişmeyen finansman yenilemesi,positive,pozitif,0.006344,0.438654,0.555001,False
"Kuzey Madencilik, portföy sadeleştirme programı kapsamında 172 milyon TL stok ve varlık değer düşüklüğü gideri kaydettiğini açıkladı.",negative,negatif,hard_inventory_writeoff,olumlu dille değer düşüklüğü,hard,positive_like,True,investor_impact,Portföy sadeleştirme dili olumlu görünse de değer düşüklüğü gideri yatırımcı açısından negatiftir.,PHRASE-0845,hard,olumlu dille değer düşüklüğü,neutral,nötr,0.321289,0.585318,0.093392,False
"Rota Cam, mevcut kredi limitini 18 ay benzer vade ve maliyet koşullarıyla yenilediğini ve işlem nedeniyle kârlılık beklentilerinde değişiklik olmadığını açıkladı.",neutral,nötr,unchanged_financing_rollover,koşulları değişmeyen finansman yenilemesi,nuanced,neutral_like,False,investor_impact,Yeni değer yaratan veya bozan bir unsur içermeyen finansman yenilemesi neutral etiketlenir.,PHRASE-0847,nüanslı,koşulları değişmeyen finansman yenilemesi,positive,pozitif,0.006339,0.371045,0.622617,False
"Rota Cam, sermaye yapısını güçlendirmek ve büyüme esnekliğini artırmak amacıyla %77 oranında bedelli sermaye artırımı planladığını duyurdu.",negative,negatif,hard_rights_issue,olumlu dille bedelli sermaye artırımı,hard,positive_like,True,investor_impact,Dil olumlu olsa da hissedar seyrelmesi yaratan bedelli sermaye artırımı yatırımcı açısından negatiftir.,PHRASE-0848,hard,olumlu dille bedelli sermaye artırımı,positive,pozitif,0.006325,0.162382,0.831293,False
"Orion Otomotiv, hisse başına 1,36 TL nakit temettü dağıtacağını ve 232 milyon TL tutarında pay geri alım programı başlatacağını açıkladı.",positive,pozitif,clear_shareholder_return,açık hissedar getirisi,clear,positive_like,False,investor_impact,Temettü ve geri alım birlikte yatırımcı açısından açık pozitif değer sinyali üretir.,PHRASE-0850,açık,açık hissedar getirisi,neutral,nötr,0.005912,0.940844,0.053243,False
"Kuzey Madencilik, hisse başına 4,28 TL nakit temettü dağıtacağını ve 386 milyon TL tutarında pay geri alım programı başlatacağını açıkladı.",positive,pozitif,clear_shareholder_return,açık hissedar getirisi,clear,positive_like,False,investor_impact,Temettü ve geri alım birlikte yatırımcı açısından açık pozitif değer sinyali üretir.,PHRASE-0852,açık,açık hissedar getirisi,neutral,nötr,0.006399,0.946399,0.047202,False
"Kuzey Madencilik, hisse başına 1,12 TL nakit temettü dağıtacağını ve 499 milyon TL tutarında pay geri alım programı başlatacağını açıkladı.",positive,pozitif,clear_shareholder_return,açık hissedar getirisi,clear,positive_like,False,investor_impact,Temettü ve geri alım birlikte yatırımcı açısından açık pozitif değer sinyali üretir.,PHRASE-0856,açık,açık hissedar getirisi,neutral,nötr,0.005889,0.947073,0.047038,False
"Rota Cam, hisse başına 1,15 TL nakit temettü dağıtacağını ve 247 milyon TL tutarında pay geri alım programı başlatacağını açıkladı.",positive,pozitif,clear_shareholder_return,açık hissedar getirisi,clear,positive_like,False,investor_impact,Temettü ve geri alım birlikte yatırımcı açısından açık pozitif değer sinyali üretir.,PHRASE-0859,açık,açık hissedar getirisi,neutral,nötr,0.006072,0.930146,0.063782,False
"Sera Ambalaj, Romanya pazarında 483 milyon TL tutarında 5 yıllık satış sözleşmesi imzaladı; anlaşmanın gelecek 12 ay gelirlerine doğrudan katkı sağlaması bekleniyor.",positive,pozitif,clear_contract_gain,açık sözleşme kazanımı,clear,positive_like,False,investor_impact,Somut büyüklüğü olan yeni sözleşme yatırımcı açısından açık pozitif kabul edilir.,PHRASE-0860,açık,açık sözleşme kazanımı,neutral,nötr,0.00321,0.537422,0.459368,False
"Vizyon Telekom, hisse başına 2,23 TL nakit temettü dağıtacağını ve 644 milyon TL tutarında pay geri alım programı başlatacağını açıkladı.",positive,pozitif,clear_shareholder_return,açık hissedar getirisi,clear,positive_like,False,investor_impact,Temettü ve geri alım birlikte yatırımcı açısından açık pozitif değer sinyali üretir.,PHRASE-0864,açık,açık hissedar getirisi,neutral,nötr,0.006265,0.94336,0.050375,False
"Lima Gayrimenkul, portföy verimliliğini artırma süreci kapsamında İtalya pazarındaki 269 milyon TL tutarındaki ana dağıtım sözleşmesinin yenilenmediğini ve sipariş akışında zayıflama beklediğini açıkladı.",negative,negatif,hard_contract_loss,olumlu dille sözleşme kaybı,hard,positive_like,True,investor_impact,Yeniden dengeleme dili olumlu görünse de önemli sözleşme kaybı yatırımcı açısından negatiftir.,PHRASE-0868,hard,olumlu dille sözleşme kaybı,neutral,nötr,0.397325,0.587444,0.015232,False
"Güney Perakende, portföy sadeleştirme programı kapsamında 262 milyon TL stok ve varlık değer düşüklüğü gideri kaydettiğini açıkladı.",negative,negatif,hard_inventory_writeoff,olumlu dille değer düşüklüğü,hard,positive_like,True,investor_impact,Portföy sadeleştirme dili olumlu görünse de değer düşüklüğü gideri yatırımcı açısından negatiftir.,PHRASE-0872,hard,olumlu dille değer düşüklüğü,neutral,nötr,0.212434,0.657091,0.130475,False
"Formel Kimya, bilanço esnekliğini korumak ve nakit yönetimini desteklemek amacıyla 1.127 milyon TL ek kısa vadeli kredi kullandı; net borç/FAVÖK oranı 2,5x seviyesinden 3,0x seviyesine yükseldi.",negative,negatif,hard_liquidity_pressure,olumlu dille likidite baskısı,hard,positive_like,True,investor_impact,Dil yapısı olumlu görünse de artan kısa vadeli borç ve kötüleşen kaldıraç oranı yatırımcı açısından negatiftir.,PHRASE-0875,hard,olumlu dille likidite baskısı,positive,pozitif,0.002528,0.133319,0.864154,False
"Trend Tarım, portföy sadeleştirme programı kapsamında 67 milyon TL stok ve varlık değer düşüklüğü gideri kaydettiğini açıkladı.",negative,negatif,hard_inventory_writeoff,olumlu dille değer düşüklüğü,hard,positive_like,True,investor_impact,Portföy sadeleştirme dili olumlu görünse de değer düşüklüğü gideri yatırımcı açısından negatiftir.,PHRASE-0879,hard,olumlu dille değer düşüklüğü,neutral,nötr,0.115313,0.738375,0.146312,False
"Aksa Enerji, sermaye yapısını güçlendirmek ve büyüme esnekliğini artırmak amacıyla %145 oranında bedelli sermaye artırımı planladığını duyurdu.",negative,negatif,hard_rights_issue,olumlu dille bedelli sermaye artırımı,hard,positive_like,True,investor_impact,Dil olumlu olsa da hissedar seyrelmesi yaratan bedelli sermaye artırımı yatırımcı açısından negatiftir.,PHRASE-0887,hard,olumlu dille bedelli sermaye artırımı,positive,pozitif,0.005993,0.17367,0.820337,False
"Kuzey Madencilik, portföy verimliliğini artırma süreci kapsamında Almanya pazarındaki 709 milyon TL tutarındaki ana dağıtım sözleşmesinin yenilenmediğini ve sipariş akışında zayıflama beklediğini açıkladı.",negative,negatif,hard_contract_loss,olumlu dille sözleşme kaybı,hard,positive_like,True,investor_impact,Yeniden dengeleme dili olumlu görünse de önemli sözleşme kaybı yatırımcı açısından negatiftir.,PHRASE-0889,hard,olumlu dille sözleşme kaybı,neutral,nötr,0.402871,0.581784,0.015345,False
"Formel Kimya, portföy verimliliğini artırma süreci kapsamında Birleşik Arap Emirlikleri pazarındaki 887 milyon TL tutarındaki ana dağıtım sözleşmesinin yenilenmediğini ve sipariş akışında zayıflama beklediğini açıkladı.",negative,negatif,hard_contract_loss,olumlu dille sözleşme kaybı,hard,positive_like,True,investor_impact,Yeniden dengeleme dili olumlu görünse de önemli sözleşme kaybı yatırımcı açısından negatiftir.,PHRASE-0890,hard,olumlu dille sözleşme kaybı,neutral,nötr,0.345774,0.635577,0.018649,False
"Sera Ambalaj, portföy sadeleştirme programı kapsamında 188 milyon TL stok ve varlık değer düşüklüğü gideri kaydettiğini açıkladı.",negative,negatif,hard_inventory_writeoff,olumlu dille değer düşüklüğü,hard,positive_like,True,investor_impact,Portföy sadeleştirme dili olumlu görünse de değer düşüklüğü gideri yatırımcı açısından negatiftir.,PHRASE-0891,hard,olumlu dille değer düşüklüğü,neutral,nötr,0.278049,0.625053,0.096898,False
"Anatolia Gıda, sermaye yapısını güçlendirmek ve büyüme esnekliğini artırmak amacıyla %163 oranında bedelli sermaye artırımı planladığını duyurdu.",negative,negatif,hard_rights_issue,olumlu dille bedelli sermaye artırımı,hard,positive_like,True,investor_impact,Dil olumlu olsa da hissedar seyrelmesi yaratan bedelli sermaye artırımı yatırımcı açısından negatiftir.,PHRASE-0892,hard,olumlu dille bedelli sermaye artırımı,positive,pozitif,0.005894,0.177958,0.816148,False
"Sera Ambalaj, hisse başına 0,91 TL nakit temettü dağıtacağını ve 837 milyon TL tutarında pay geri alım programı başlatacağını açıkladı.",positive,pozitif,clear_shareholder_return,açık hissedar getirisi,clear,positive_like,False,investor_impact,Temettü ve geri alım birlikte yatırımcı açısından açık pozitif değer sinyali üretir.,PHRASE-0894,açık,açık hissedar getirisi,neutral,nötr,0.005977,0.943479,0.050544,False
"Lima Gayrimenkul, portföy verimliliğini artırma süreci kapsamında Almanya pazarındaki 855 milyon TL tutarındaki ana dağıtım sözleşmesinin yenilenmediğini ve sipariş akışında zayıflama beklediğini açıkladı.",negative,negatif,hard_contract_loss,olumlu dille sözleşme kaybı,hard,positive_like,True,investor_impact,Yeniden dengeleme dili olumlu görünse de önemli sözleşme kaybı yatırımcı açısından negatiftir.,PHRASE-0901,hard,olumlu dille sözleşme kaybı,neutral,nötr,0.412895,0.572292,0.014813,False
"Orion Otomotiv, mevcut kredi limitini 18 ay benzer vade ve maliyet koşullarıyla yenilediğini ve işlem nedeniyle kârlılık beklentilerinde değişiklik olmadığını açıkladı.",neutral,nötr,unchanged_financing_rollover,koşulları değişmeyen finansman yenilemesi,nuanced,neutral_like,False,investor_impact,Yeni değer yaratan veya bozan bir unsur içermeyen finansman yenilemesi neutral etiketlenir.,PHRASE-0904,nüanslı,koşulları değişmeyen finansman yenilemesi,positive,pozitif,0.006207,0.393415,0.600378,False
"Formel Kimya, sermaye yapısını güçlendirmek ve büyüme esnekliğini artırmak amacıyla %97 oranında bedelli sermaye artırımı planladığını duyurdu.",negative,negatif,hard_rights_issue,olumlu dille bedelli sermaye artırımı,hard,positive_like,True,investor_impact,Dil olumlu olsa da hissedar seyrelmesi yaratan bedelli sermaye artırımı yatırımcı açısından negatiftir.,PHRASE-0908,hard,olumlu dille bedelli sermaye artırımı,positive,pozitif,0.005905,0.213477,0.780617,False
"Pera Yazılım, hisse başına 3,22 TL nakit temettü dağıtacağını ve 760 milyon TL tutarında pay geri alım programı başlatacağını açıkladı.",positive,pozitif,clear_shareholder_return,açık hissedar getirisi,clear,positive_like,False,investor_impact,Temettü ve geri alım birlikte yatırımcı açısından açık pozitif değer sinyali üretir.,PHRASE-0909,açık,açık hissedar getirisi,neutral,nötr,0.005665,0.940654,0.053681,False
"Lima Gayrimenkul, Polonya pazarında 1.265 milyon TL tutarında 2 yıllık satış sözleşmesi imzaladı; anlaşmanın gelecek 12 ay gelirlerine doğrudan katkı sağlaması bekleniyor.",positive,pozitif,clear_contract_gain,açık sözleşme kazanımı,clear,positive_like,False,investor_impact,Somut büyüklüğü olan yeni sözleşme yatırımcı açısından açık pozitif kabul edilir.,PHRASE-0914,açık,açık sözleşme kazanımı,neutral,nötr,0.003604,0.552854,0.443542,False
"Pera Yazılım, bilanço esnekliğini korumak ve nakit yönetimini desteklemek amacıyla 682 milyon TL ek kısa vadeli kredi kullandı; net borç/FAVÖK oranı 2,3x seviyesinden 3,8x seviyesine yükseldi.",negative,negatif,hard_liquidity_pressure,olumlu dille likidite baskısı,hard,positive_like,True,investor_impact,Dil yapısı olumlu görünse de artan kısa vadeli borç ve kötüleşen kaldıraç oranı yatırımcı açısından negatiftir.,PHRASE-0915,hard,olumlu dille likidite baskısı,positive,pozitif,0.002828,0.186572,0.8106,False
"Trend Tarım, sermaye yapısını güçlendirmek ve büyüme esnekliğini artırmak amacıyla %113 oranında bedelli sermaye artırımı planladığını duyurdu.",negative,negatif,hard_rights_issue,olumlu dille bedelli sermaye artırımı,hard,positive_like,True,investor_impact,Dil olumlu olsa da hissedar seyrelmesi yaratan bedelli sermaye artırımı yatırımcı açısından negatiftir.,PHRASE-0917,hard,olumlu dille bedelli sermaye artırımı,positive,pozitif,0.005802,0.206033,0.788164,False
"Vizyon Telekom, 2025 ilk çeyrek sonrasında bilanço dayanıklılığını korumak amacıyla bu yıl temettü dağıtmayacağını ve yatırım harcamalarının bir bölümünü sonraki döneme kaydıracağını duyurdu.",negative,negatif,hard_dividend_cut,olumlu dille temettü iptali,hard,positive_like,True,investor_impact,Koruyucu dil kullanılmasına rağmen temettü iptali ve harcama ertelemesi yatırımcı açısından negatiftir.,PHRASE-0919,hard,olumlu dille temettü iptali,neutral,nötr,0.00771,0.977148,0.015142,False
"Bora Lojistik, 2026 ilk yarı sonrasında bilanço dayanıklılığını korumak amacıyla bu yıl temettü dağıtmayacağını ve yatırım harcamalarının bir bölümünü sonraki döneme kaydıracağını duyurdu.",negative,negatif,hard_dividend_cut,olumlu dille temettü iptali,hard,positive_like,True,investor_impact,Koruyucu dil kullanılmasına rağmen temettü iptali ve harcama ertelemesi yatırımcı açısından negatiftir.,PHRASE-0928,hard,olumlu dille temettü iptali,neutral,nötr,0.007342,0.976353,0.016305,False
"Delta Yatırım Holding, portföy sadeleştirme programı kapsamında 198 milyon TL stok ve varlık değer düşüklüğü gideri kaydettiğini açıkladı.",negative,negatif,hard_inventory_writeoff,olumlu dille değer düşüklüğü,hard,positive_like,True,investor_impact,Portföy sadeleştirme dili olumlu görünse de değer düşüklüğü gideri yatırımcı açısından negatiftir.,PHRASE-0935,hard,olumlu dille değer düşüklüğü,neutral,nötr,0.395043,0.502635,0.102323,False
"Anatolia Gıda, 2025 üçüncü çeyrek sonrasında bilanço dayanıklılığını korumak amacıyla bu yıl temettü dağıtmayacağını ve yatırım harcamalarının bir bölümünü sonraki döneme kaydıracağını duyurdu.",negative,negatif,hard_dividend_cut,olumlu dille temettü iptali,hard,positive_like,True,investor_impact,Koruyucu dil kullanılmasına rağmen temettü iptali ve harcama ertelemesi yatırımcı açısından negatiftir.,PHRASE-0937,hard,olumlu dille temettü iptali,neutral,nötr,0.007795,0.975905,0.0163,False
"Rota Cam, sermaye yapısını güçlendirmek ve büyüme esnekliğini artırmak amacıyla %131 oranında bedelli sermaye artırımı planladığını duyurdu.",negative,negatif,hard_rights_issue,olumlu dille bedelli sermaye artırımı,hard,positive_like,True,investor_impact,Dil olumlu olsa da hissedar seyrelmesi yaratan bedelli sermaye artırımı yatırımcı açısından negatiftir.,PHRASE-0940,hard,olumlu dille bedelli sermaye artırımı,positive,pozitif,0.00714,0.203993,0.788866,False
"Güney Perakende, 2026 ilk çeyrek sonrasında bilanço dayanıklılığını korumak amacıyla bu yıl temettü dağıtmayacağını ve yatırım harcamalarının bir bölümünü sonraki döneme kaydıracağını duyurdu.",negative,negatif,hard_dividend_cut,olumlu dille temettü iptali,hard,positive_like,True,investor_impact,Koruyucu dil kullanılmasına rağmen temettü iptali ve harcama ertelemesi yatırımcı açısından negatiftir.,PHRASE-0942,hard,olumlu dille temettü iptali,neutral,nötr,0.00691,0.978697,0.014393,False
"Kuzey Madencilik, hisse başına 3,40 TL nakit temettü dağıtacağını ve 891 milyon TL tutarında pay geri alım programı başlatacağını açıkladı.",positive,pozitif,clear_shareholder_return,açık hissedar getirisi,clear,positive_like,False,investor_impact,Temettü ve geri alım birlikte yatırımcı açısından açık pozitif değer sinyali üretir.,PHRASE-0945,açık,açık hissedar getirisi,neutral,nötr,0.006264,0.943473,0.050264,False
"Rota Cam, hisse başına 0,76 TL nakit temettü dağıtacağını ve 178 milyon TL tutarında pay geri alım programı başlatacağını açıkladı.",positive,pozitif,clear_shareholder_return,açık hissedar getirisi,clear,positive_like,False,investor_impact,Temettü ve geri alım birlikte yatırımcı açısından açık pozitif değer sinyali üretir.,PHRASE-0947,açık,açık hissedar getirisi,neutral,nötr,0.0061,0.935926,0.057974,False
"Vizyon Telekom, portföy verimliliğini artırma süreci kapsamında Polonya pazarındaki 1.020 milyon TL tutarındaki ana dağıtım sözleşmesinin yenilenmediğini ve sipariş akışında zayıflama beklediğini açıkladı.",negative,negatif,hard_contract_loss,olumlu dille sözleşme kaybı,hard,positive_like,True,investor_impact,Yeniden dengeleme dili olumlu görünse de önemli sözleşme kaybı yatırımcı açısından negatiftir.,PHRASE-0952,hard,olumlu dille sözleşme kaybı,neutral,nötr,0.386727,0.593565,0.019708,False
"Rota Cam, mevcut kredi limitini 24 ay benzer vade ve maliyet koşullarıyla yenilediğini ve işlem nedeniyle kârlılık beklentilerinde değişiklik olmadığını açıkladı.",neutral,nötr,unchanged_financing_rollover,koşulları değişmeyen finansman yenilemesi,nuanced,neutral_like,False,investor_impact,Yeni değer yaratan veya bozan bir unsur içermeyen finansman yenilemesi neutral etiketlenir.,PHRASE-0953,nüanslı,koşulları değişmeyen finansman yenilemesi,positive,pozitif,0.006199,0.362268,0.631533,False
"Rota Cam, Almanya pazarında 1.359 milyon TL tutarında 2 yıllık satış sözleşmesi imzaladı; anlaşmanın gelecek 12 ay gelirlerine doğrudan katkı sağlaması bekleniyor.",positive,pozitif,clear_contract_gain,açık sözleşme kazanımı,clear,positive_like,False,investor_impact,Somut büyüklüğü olan yeni sözleşme yatırımcı açısından açık pozitif kabul edilir.,PHRASE-0955,açık,açık sözleşme kazanımı,neutral,nötr,0.003682,0.512265,0.484053,False
"Hedef Savunma, sermaye yapısını güçlendirmek ve büyüme esnekliğini artırmak amacıyla %38 oranında bedelli sermaye artırımı planladığını duyurdu.",negative,negatif,hard_rights_issue,olumlu dille bedelli sermaye artırımı,hard,positive_like,True,investor_impact,Dil olumlu olsa da hissedar seyrelmesi yaratan bedelli sermaye artırımı yatırımcı açısından negatiftir.,PHRASE-0956,hard,olumlu dille bedelli sermaye artırımı,positive,pozitif,0.006491,0.171389,0.82212,False
"Trend Tarım, portföy sadeleştirme programı kapsamında 338 milyon TL stok ve varlık değer düşüklüğü gideri kaydettiğini açıkladı.",negative,negatif,hard_inventory_writeoff,olumlu dille değer düşüklüğü,hard,positive_like,True,investor_impact,Portföy sadeleştirme dili olumlu görünse de değer düşüklüğü gideri yatırımcı açısından negatiftir.,PHRASE-0958,hard,olumlu dille değer düşüklüğü,neutral,nötr,0.174643,0.675465,0.149891,False
"Trend Tarım, 2025 üçüncü çeyrek sonrasında bilanço dayanıklılığını korumak amacıyla bu yıl temettü dağıtmayacağını ve yatırım harcamalarının bir bölümünü sonraki döneme kaydıracağını duyurdu.",negative,negatif,hard_dividend_cut,olumlu dille temettü iptali,hard,positive_like,True,investor_impact,Koruyucu dil kullanılmasına rağmen temettü iptali ve harcama ertelemesi yatırımcı açısından negatiftir.,PHRASE-0962,hard,olumlu dille temettü iptali,neutral,nötr,0.005965,0.977482,0.016552,False
"Formel Kimya, portföy verimliliğini artırma süreci kapsamında İtalya pazarındaki 990 milyon TL tutarındaki ana dağıtım sözleşmesinin yenilenmediğini ve sipariş akışında zayıflama beklediğini açıkladı.",negative,negatif,hard_contract_loss,olumlu dille sözleşme kaybı,hard,positive_like,True,investor_impact,Yeniden dengeleme dili olumlu görünse de önemli sözleşme kaybı yatırımcı açısından negatiftir.,PHRASE-0964,hard,olumlu dille sözleşme kaybı,neutral,nötr,0.432049,0.552865,0.015086,False
"Kuzey Madencilik, mevcut kredi limitini 6 ay benzer vade ve maliyet koşullarıyla yenilediğini ve işlem nedeniyle kârlılık beklentilerinde değişiklik olmadığını açıkladı.",neutral,nötr,unchanged_financing_rollover,koşulları değişmeyen finansman yenilemesi,nuanced,neutral_like,False,investor_impact,Yeni değer yaratan veya bozan bir unsur içermeyen finansman yenilemesi neutral etiketlenir.,PHRASE-0969,nüanslı,koşulları değişmeyen finansman yenilemesi,positive,pozitif,0.007525,0.422422,0.570053,False
"Güney Perakende, bilanço esnekliğini korumak ve nakit yönetimini desteklemek amacıyla 1.501 milyon TL ek kısa vadeli kredi kullandı; net borç/FAVÖK oranı 1,8x seviyesinden 3,4x seviyesine yükseldi.",negative,negatif,hard_liquidity_pressure,olumlu dille likidite baskısı,hard,positive_like,True,investor_impact,Dil yapısı olumlu görünse de artan kısa vadeli borç ve kötüleşen kaldıraç oranı yatırımcı açısından negatiftir.,PHRASE-0971,hard,olumlu dille likidite baskısı,positive,pozitif,0.002706,0.133735,0.863559,False
"Güney Perakende, 2026 ilk yarı sonrasında bilanço dayanıklılığını korumak amacıyla bu yıl temettü dağıtmayacağını ve yatırım harcamalarının bir bölümünü sonraki döneme kaydıracağını duyurdu.",negative,negatif,hard_dividend_cut,olumlu dille temettü iptali,hard,positive_like,True,investor_impact,Koruyucu dil kullanılmasına rağmen temettü iptali ve harcama ertelemesi yatırımcı açısından negatiftir.,PHRASE-0975,hard,olumlu dille temettü iptali,neutral,nötr,0.007023,0.978489,0.014488,False
"Vizyon Telekom, hisse başına 3,89 TL nakit temettü dağıtacağını ve 554 milyon TL tutarında pay geri alım programı başlatacağını açıkladı.",positive,pozitif,clear_shareholder_return,açık hissedar getirisi,clear,positive_like,False,investor_impact,Temettü ve geri alım birlikte yatırımcı açısından açık pozitif değer sinyali üretir.,PHRASE-0981,açık,açık hissedar getirisi,neutral,nötr,0.006291,0.93924,0.054469,False
"Delta Yatırım Holding, hisse başına 2,06 TL nakit temettü dağıtacağını ve 867 milyon TL tutarında pay geri alım programı başlatacağını açıkladı.",positive,pozitif,clear_shareholder_return,açık hissedar getirisi,clear,positive_like,False,investor_impact,Temettü ve geri alım birlikte yatırımcı açısından açık pozitif değer sinyali üretir.,PHRASE-0982,açık,açık hissedar getirisi,neutral,nötr,0.005596,0.951525,0.042878,False
"Mavi Makine, sermaye yapısını güçlendirmek ve büyüme esnekliğini artırmak amacıyla %63 oranında bedelli sermaye artırımı planladığını duyurdu.",negative,negatif,hard_rights_issue,olumlu dille bedelli sermaye artırımı,hard,positive_like,True,investor_impact,Dil olumlu olsa da hissedar seyrelmesi yaratan bedelli sermaye artırımı yatırımcı açısından negatiftir.,PHRASE-0983,hard,olumlu dille bedelli sermaye artırımı,positive,pozitif,0.007075,0.232134,0.760791,False
"Hedef Savunma, portföy sadeleştirme programı kapsamında 175 milyon TL stok ve varlık değer düşüklüğü gideri kaydettiğini açıkladı.",negative,negatif,hard_inventory_writeoff,olumlu dille değer düşüklüğü,hard,positive_like,True,investor_impact,Portföy sadeleştirme dili olumlu görünse de değer düşüklüğü gideri yatırımcı açısından negatiftir.,PHRASE-0988,hard,olumlu dille değer düşüklüğü,neutral,nötr,0.1109,0.688235,0.200865,False
"Bora Lojistik, sermaye yapısını güçlendirmek ve büyüme esnekliğini artırmak amacıyla %89 oranında bedelli sermaye artırımı planladığını duyurdu.",negative,negatif,hard_rights_issue,olumlu dille bedelli sermaye artırımı,hard,positive_like,True,investor_impact,Dil olumlu olsa da hissedar seyrelmesi yaratan bedelli sermaye artırımı yatırımcı açısından negatiftir.,PHRASE-0989,hard,olumlu dille bedelli sermaye artırımı,positive,pozitif,0.005423,0.134747,0.85983,False
"Mavi Makine, sermaye yapısını güçlendirmek ve büyüme esnekliğini artırmak amacıyla %77 oranında bedelli sermaye artırımı planladığını duyurdu.",negative,negatif,hard_rights_issue,olumlu dille bedelli sermaye artırımı,hard,positive_like,True,investor_impact,Dil olumlu olsa da hissedar seyrelmesi yaratan bedelli sermaye artırımı yatırımcı açısından negatiftir.,PHRASE-0993,hard,olumlu dille bedelli sermaye artırımı,positive,pozitif,0.006188,0.176679,0.817133,False
"Hedef Savunma, 2025 yıl sonu sonrasında bilanço dayanıklılığını korumak amacıyla bu yıl temettü dağıtmayacağını ve yatırım harcamalarının bir bölümünü sonraki döneme kaydıracağını duyurdu.",negative,negatif,hard_dividend_cut,olumlu dille temettü iptali,hard,positive_like,True,investor_impact,Koruyucu dil kullanılmasına rağmen temettü iptali ve harcama ertelemesi yatırımcı açısından negatiftir.,PHRASE-0996,hard,olumlu dille temettü iptali,neutral,nötr,0.006317,0.977011,0.016672,False
"Vizyon Telekom, sermaye yapısını güçlendirmek ve büyüme esnekliğini artırmak amacıyla %94 oranında bedelli sermaye artırımı planladığını duyurdu.",negative,negatif,hard_rights_issue,olumlu dille bedelli sermaye artırımı,hard,positive_like,True,investor_impact,Dil olumlu olsa da hissedar seyrelmesi yaratan bedelli sermaye artırımı yatırımcı açısından negatiftir.,PHRASE-0997,hard,olumlu dille bedelli sermaye artırımı,positive,pozitif,0.006535,0.186254,0.807211,False
"Formel Kimya, sermaye yapısını güçlendirmek ve büyüme esnekliğini artırmak amacıyla %49 oranında bedelli sermaye artırımı planladığını duyurdu.",negative,negatif,hard_rights_issue,olumlu dille bedelli sermaye artırımı,hard,positive_like,True,investor_impact,Dil olumlu olsa da hissedar seyrelmesi yaratan bedelli sermaye artırımı yatırımcı açısından negatiftir.,PHRASE-0998,hard,olumlu dille bedelli sermaye artırımı,positive,pozitif,0.006372,0.262243,0.731385,False
"Formel Kimya, 2026 ilk yarı sonrasında bilanço dayanıklılığını korumak amacıyla bu yıl temettü dağıtmayacağını ve yatırım harcamalarının bir bölümünü sonraki döneme kaydıracağını duyurdu.",negative,negatif,hard_dividend_cut,olumlu dille temettü iptali,hard,positive_like,True,investor_impact,Koruyucu dil kullanılmasına rağmen temettü iptali ve harcama ertelemesi yatırımcı açısından negatiftir.,PHRASE-0999,hard,olumlu dille temettü iptali,neutral,nötr,0.007807,0.974418,0.017775,False
"Mavi Makine, sermaye yapısını güçlendirmek ve büyüme esnekliğini artırmak amacıyla %110 oranında bedelli sermaye artırımı planladığını duyurdu.",negative,negatif,hard_rights_issue,olumlu dille bedelli sermaye artırımı,hard,positive_like,True,investor_impact,Dil olumlu olsa da hissedar seyrelmesi yaratan bedelli sermaye artırımı yatırımcı açısından negatiftir.,PHRASE-1001,hard,olumlu dille bedelli sermaye artırımı,positive,pozitif,0.005911,0.156323,0.837767,False
"Kuzey Madencilik, portföy verimliliğini artırma süreci kapsamında Mısır pazarındaki 565 milyon TL tutarındaki ana dağıtım sözleşmesinin yenilenmediğini ve sipariş akışında zayıflama beklediğini açıkladı.",negative,negatif,hard_contract_loss,olumlu dille sözleşme kaybı,hard,positive_like,True,investor_impact,Yeniden dengeleme dili olumlu görünse de önemli sözleşme kaybı yatırımcı açısından negatiftir.,PHRASE-1005,hard,olumlu dille sözleşme kaybı,neutral,nötr,0.442334,0.541635,0.016031,False
"Formel Kimya, sermaye yapısını güçlendirmek ve büyüme esnekliğini artırmak amacıyla %33 oranında bedelli sermaye artırımı planladığını duyurdu.",negative,negatif,hard_rights_issue,olumlu dille bedelli sermaye artırımı,hard,positive_like,True,investor_impact,Dil olumlu olsa da hissedar seyrelmesi yaratan bedelli sermaye artırımı yatırımcı açısından negatiftir.,PHRASE-1014,hard,olumlu dille bedelli sermaye artırımı,positive,pozitif,0.006257,0.205151,0.788591,False
"Aksa Enerji, 2025 ilk çeyrek sonrasında bilanço dayanıklılığını korumak amacıyla bu yıl temettü dağıtmayacağını ve yatırım harcamalarının bir bölümünü sonraki döneme kaydıracağını duyurdu.",negative,negatif,hard_dividend_cut,olumlu dille temettü iptali,hard,positive_like,True,investor_impact,Koruyucu dil kullanılmasına rağmen temettü iptali ve harcama ertelemesi yatırımcı açısından negatiftir.,PHRASE-1016,hard,olumlu dille temettü iptali,neutral,nötr,0.007255,0.976211,0.016534,False
"Hedef Savunma, sermaye yapısını güçlendirmek ve büyüme esnekliğini artırmak amacıyla %78 oranında bedelli sermaye artırımı planladığını duyurdu.",negative,negatif,hard_rights_issue,olumlu dille bedelli sermaye artırımı,hard,positive_like,True,investor_impact,Dil olumlu olsa da hissedar seyrelmesi yaratan bedelli sermaye artırımı yatırımcı açısından negatiftir.,PHRASE-1019,hard,olumlu dille bedelli sermaye artırımı,positive,pozitif,0.006172,0.1715,0.822328,False
"Pera Yazılım, 2026 ilk çeyrek sonrasında bilanço dayanıklılığını korumak amacıyla bu yıl temettü dağıtmayacağını ve yatırım harcamalarının bir bölümünü sonraki döneme kaydıracağını duyurdu.",negative,negatif,hard_dividend_cut,olumlu dille temettü iptali,hard,positive_like,True,investor_impact,Koruyucu dil kullanılmasına rağmen temettü iptali ve harcama ertelemesi yatırımcı açısından negatiftir.,PHRASE-1028,hard,olumlu dille temettü iptali,neutral,nötr,0.007333,0.973443,0.019224,False
"Hedef Savunma, portföy verimliliğini artırma süreci kapsamında Almanya pazarındaki 180 milyon TL tutarındaki ana dağıtım sözleşmesinin yenilenmediğini ve sipariş akışında zayıflama beklediğini açıkladı.",negative,negatif,hard_contract_loss,olumlu dille sözleşme kaybı,hard,positive_like,True,investor_impact,Yeniden dengeleme dili olumlu görünse de önemli sözleşme kaybı yatırımcı açısından negatiftir.,PHRASE-1032,hard,olumlu dille sözleşme kaybı,neutral,nötr,0.36433,0.619426,0.016244,False
"Hedef Savunma, 2025 ilk çeyrek sonrasında bilanço dayanıklılığını korumak amacıyla bu yıl temettü dağıtmayacağını ve yatırım harcamalarının bir bölümünü sonraki döneme kaydıracağını duyurdu.",negative,negatif,hard_dividend_cut,olumlu dille temettü iptali,hard,positive_like,True,investor_impact,Koruyucu dil kullanılmasına rağmen temettü iptali ve harcama ertelemesi yatırımcı açısından negatiftir.,PHRASE-1036,hard,olumlu dille temettü iptali,neutral,nötr,0.006215,0.97501,0.018775,False
"Rota Cam, portföy verimliliğini artırma süreci kapsamında İtalya pazarındaki 389 milyon TL tutarındaki ana dağıtım sözleşmesinin yenilenmediğini ve sipariş akışında zayıflama beklediğini açıkladı.",negative,negatif,hard_contract_loss,olumlu dille sözleşme kaybı,hard,positive_like,True,investor_impact,Yeniden dengeleme dili olumlu görünse de önemli sözleşme kaybı yatırımcı açısından negatiftir.,PHRASE-1038,hard,olumlu dille sözleşme kaybı,neutral,nötr,0.47877,0.505493,0.015737,False
"Bora Lojistik, mevcut kredi limitini 6 ay benzer vade ve maliyet koşullarıyla yenilediğini ve işlem nedeniyle kârlılık beklentilerinde değişiklik olmadığını açıkladı.",neutral,nötr,unchanged_financing_rollover,koşulları değişmeyen finansman yenilemesi,nuanced,neutral_like,False,investor_impact,Yeni değer yaratan veya bozan bir unsur içermeyen finansman yenilemesi neutral etiketlenir.,PHRASE-1039,nüanslı,koşulları değişmeyen finansman yenilemesi,positive,pozitif,0.0067,0.444054,0.549246,False
"Formel Kimya, sermaye yapısını güçlendirmek ve büyüme esnekliğini artırmak amacıyla %135 oranında bedelli sermaye artırımı planladığını duyurdu.",negative,negatif,hard_rights_issue,olumlu dille bedelli sermaye artırımı,hard,positive_like,True,investor_impact,Dil olumlu olsa da hissedar seyrelmesi yaratan bedelli sermaye artırımı yatırımcı açısından negatiftir.,PHRASE-1041,hard,olumlu dille bedelli sermaye artırımı,positive,pozitif,0.006232,0.22573,0.768038,False
"Orion Otomotiv, bilanço esnekliğini korumak ve nakit yönetimini desteklemek amacıyla 1.012 milyon TL ek kısa vadeli kredi kullandı; net borç/FAVÖK oranı 2,3x seviyesinden 2,8x seviyesine yükseldi.",negative,negatif,hard_liquidity_pressure,olumlu dille likidite baskısı,hard,positive_like,True,investor_impact,Dil yapısı olumlu görünse de artan kısa vadeli borç ve kötüleşen kaldıraç oranı yatırımcı açısından negatiftir.,PHRASE-1043,hard,olumlu dille likidite baskısı,positive,pozitif,0.002716,0.130985,0.866299,False
"Formel Kimya, mevcut kredi limitini 6 ay benzer vade ve maliyet koşullarıyla yenilediğini ve işlem nedeniyle kârlılık beklentilerinde değişiklik olmadığını açıkladı.",neutral,nötr,unchanged_financing_rollover,koşulları değişmeyen finansman yenilemesi,nuanced,neutral_like,False,investor_impact,Yeni değer yaratan veya bozan bir unsur içermeyen finansman yenilemesi neutral etiketlenir.,PHRASE-1045,nüanslı,koşulları değişmeyen finansman yenilemesi,positive,pozitif,0.006743,0.479004,0.514253,False
"Bora Lojistik, 2025 yıl sonu sonrasında bilanço dayanıklılığını korumak amacıyla bu yıl temettü dağıtmayacağını ve yatırım harcamalarının bir bölümünü sonraki döneme kaydıracağını duyurdu.",negative,negatif,hard_dividend_cut,olumlu dille temettü iptali,hard,positive_like,True,investor_impact,Koruyucu dil kullanılmasına rağmen temettü iptali ve harcama ertelemesi yatırımcı açısından negatiftir.,PHRASE-1047,hard,olumlu dille temettü iptali,neutral,nötr,0.007166,0.978094,0.01474,False
"Orion Otomotiv, 2026 ilk yarı sonrasında bilanço dayanıklılığını korumak amacıyla bu yıl temettü dağıtmayacağını ve yatırım harcamalarının bir bölümünü sonraki döneme kaydıracağını duyurdu.",negative,negatif,hard_dividend_cut,olumlu dille temettü iptali,hard,positive_like,True,investor_impact,Koruyucu dil kullanılmasına rağmen temettü iptali ve harcama ertelemesi yatırımcı açısından negatiftir.,PHRASE-1048,hard,olumlu dille temettü iptali,neutral,nötr,0.008309,0.972328,0.019363,False
"Nova Sağlık, mevcut kredi limitini 24 ay benzer vade ve maliyet koşullarıyla yenilediğini ve işlem nedeniyle kârlılık beklentilerinde değişiklik olmadığını açıkladı.",neutral,nötr,unchanged_financing_rollover,koşulları değişmeyen finansman yenilemesi,nuanced,neutral_like,False,investor_impact,Yeni değer yaratan veya bozan bir unsur içermeyen finansman yenilemesi neutral etiketlenir.,PHRASE-1049,nüanslı,koşulları değişmeyen finansman yenilemesi,positive,pozitif,0.005792,0.346975,0.647233,False
